0 0 -434 -1644 -1102 16381 8192 3 16383
1 -4302 -1387 0 -2644 10 8186 16377 16389
2 0 -1937 -3166 -1354 16379 8177 8175 16381
3 0 -57394 -62302 -14542 16575 16142 8433 8013
4 -73593 0 -89914 -220657 7757 16611 16831 8269
5 -281523 0 -69085 -348163 16775 16355 16711 16575
6 -303611 -67622 0 -231694 16661 16099 16379 16967
7 0 -238746 -298889 -63769 16635 16130 16355 16340
8 -218712 0 -88053 -309914 16084 16748 16891 16450
9 -278559 0 -83498 -360375 16861 16492 16853 16635
10 -334666 -67794 0 -262582 16786 16236 16488 16597
11 0 -240716 -300543 -63056 16744 16271 16492 16442
12 -219628 0 -84920 -307792 16186 16853 17000 16550
13 -274717 0 -80060 -353043 16967 16597 16956 16744
14 -329191 -67173 0 -257798 16884 16341 16583 17212
15 0 -241601 -300664 -62133 16839 16378 16597 16533
16 -220141 0 -81937 -305375 16277 16945 17095 16639
17 -271124 0 -76790 -346141 17059 16689 17046 16839
18 -323875 -66392 0 -253334 16970 16433 16666 17302
19 0 -242159 -300296 -61066 16922 16474 16689 16612
20 -220308 0 -79086 -302737 16356 17026 17178 16716
21 -267752 0 -73664 -339618 17138 16770 17125 16922
22 -318682 -65461 0 -249136 17046 16514 16738 17381
23 0 -242397 -299476 -59872 16994 16558 16770 16681
24 -219063 0 -93337 -315968 16425 17078 17250 16766
25 -298621 0 -70903 -367496 17198 16822 17157 16994
26 -329059 -80431 0 -244550 17097 16566 16804 17413
27 0 -258423 -315465 -59920 17060 16613 16822 16754
28 -221435 0 -90594 -315523 16498 17123 17316 16849
29 -278770 0 -69298 -345839 17269 16867 17210 17060
30 -326424 -79040 0 -243239 17138 16611 16860 17466
31 0 -257943 -313399 -58451 17116 16662 16867 16806
32 -220733 0 -87957 -312234 16550 17179 17372 16901
33 -275790 0 -66480 -340043 17321 16923 17265 17116
34 -321569 -77777 0 -239696 17190 16667 16909 17521
35 0 -257504 -311522 -56906 17165 16721 16923 16852
36 -219873 0 -85399 -308841 16596 17229 17421 16947
37 -272928 0 -63746 -334465 17366 16973 17315 17165
38 -316783 -76423 0 -236294 17236 16717 16951 17571
39 0 -255632 -323690 -71003 17207 16668 16973 16881
40 -234507 0 -81683 -319818 16625 17282 17463 16976
41 -266669 0 -77079 -341547 17432 17026 17367 17207
42 -326988 -74052 0 -249004 17286 16770 16987 17623
43 0 -253039 -319605 -69279 17243 16803 17026 16922
44 -233386 0 -79347 -316298 16666 17319 17499 17017
45 -264259 0 -74446 -336521 17464 17063 17404 17243
46 -322346 -72580 0 -245866 17320 16807 17018 17660
47 0 -252257 -317140 -67504 17274 16843 17063 16951
48 -232052 0 -77075 -312712 16695 17351 17530 17046
49 -261973 0 -71888 -331690 17492 17095 17436 17274
50 -317785 -71052 0 -242859 17350 16839 17045 17692
51 0 -251365 -314524 -65702 17301 16879 17095 16976
52 -230629 0 -74845 -309066 16720 17380 17557 17071
53 -259731 0 -69390 -326985 17516 17124 17464 17301
54 -313291 -69484 0 -239971 17377 16868 17068 17720
55 0 -250364 -311786 -63873 17324 16911 17124 16997
56 -229132 0 -72665 -305394 16741 17405 17580 17092
57 -257568 0 -66964 -322429 17535 17149 17489 17324
58 -324309 -84355 0 -235899 17420 16893 17108 17745
59 0 -282350 -342004 -62273 17364 16951 17149 17056
60 -227231 0 -86984 -317810 16800 17427 17620 17132
61 -271894 0 -65717 -335345 17572 17171 17501 17364
62 -322131 -82665 0 -235554 17420 16915 17144 17757
63 0 -264912 -323950 -61752 17400 16965 17171 17078
64 -228130 0 -84589 -316465 16822 17444 17656 17165
65 -269536 0 -63353 -330409 17604 17188 17519 17400
66 -317750 -80901 0 -232945 17436 16932 17156 17775
67 0 -263524 -320645 -59760 17412 16986 17188 17088
68 -226294 0 -82464 -312513 16832 17459 17668 17176
69 -267469 0 -61036 -326069 17612 17203 17535 17412
70 -313413 -79105 0 -230415 17450 16947 17166 17791
71 0 -262054 -317247 -57755 17422 17005 17203 17097
72 -224428 0 -80361 -308537 16841 17473 17678 17186
73 -265413 0 -58756 -321793 17618 17217 17550 17422
74 -309105 -77292 0 -227942 17464 16961 17175 17806
75 0 -259444 -328335 -71542 17431 16909 17217 17094
76 -238270 0 -77167 -319227 16838 17495 17687 17185
77 -260153 0 -72240 -330042 17652 17239 17573 17431
78 -319504 -74546 0 -241177 17485 16983 17182 17829
79 0 -256128 -323139 -69459 17438 17019 17239 17108
80 -236391 0 -75169 -315257 16852 17505 17694 17199
81 -258368 0 -69961 -326020 17656 17249 17583 17438
82 -315272 -72748 0 -238761 17494 16993 17188 17839
83 0 -254719 -319718 -67390 17444 17032 17249 17113
84 -234400 0 -73188 -311278 16857 17514 17700 17205
85 -256596 0 -67713 -322050 17658 17258 17593 17444
86 -311083 -70948 0 -236382 17503 17002 17193 17849
87 0 -253275 -316279 -65331 17449 17045 17258 17117
88 -232413 0 -71212 -307306 16861 17522 17705 17209
89 -254817 0 -65501 -318106 17660 17266 17601 17449
90 -306928 -69133 0 -234068 17510 17010 17197 17857
91 0 -251790 -312810 -63285 17453 17056 17266 17121
92 -230442 0 -69265 -303365 16865 17529 17709 17214
93 -253068 0 -63328 -314234 17660 17273 17608 17453
94 -302817 -67309 0 -231809 17516 17017 17200 17864
95 0 -250260 -309313 -61256 17456 17067 17273 17123
96 -227355 0 -83866 -315112 16867 17516 17712 17197
97 -284483 0 -61424 -343568 17647 17260 17576 17456
98 -314700 -81700 0 -229292 17503 17004 17204 17832
99 0 -264905 -322813 -60256 17460 17058 17260 17134
