18158 -8172
-8639 11930
-18931 -1843
-12064 1032
8092 2924
-7505 -6539
-528 -8478
10826 -13
6644 10903
7776 -4291
1622 1955
-9407 14858
7728 -8990
8456 5617
24 -16169
-13521 19521
2671 -2816
-12501 4542
2494 -15694
-9965 6302
-3729 -19412
8146 -1558
-15428 -6926
-11294 -18171
14912 -16470
-6921 1267
4693 -6242
16137 1768
11279 4566
8610 13682
-7765 5404
-8254 -6341
-1010 13136
-17955 10720
-15496 19138
13262 -19400
-3014 4204
-5082 10098
6336 8197
-6831 -19694
-13148 11954
-1725 19758
2086 14871
-19643 6448
13252 -1349
-17062 13957
-15545 10540
-13005 -36
-4383 -17695
1810 16731
-6293 11343
19899 -16586
-13228 -15195
16320 3173
-11418 15146
1396 -11255
-12127 -7214
-2841 9869
-12455 -7143
-2641 -2352
-6377 11161
-13303 15660
5781 -14799
10278 7226
-19011 17721
1142 -4661
8744 3722
14094 -3646
5376 11366
10220 -3570
12807 -19056
50 -1657
15489 12568
-9441 18848
-2514 -19556
1006 396
11039 11975
16742 13621
11449 -8535
-12718 -4123
-17117 5792
-7454 13200
16441 179
8091 -9290
7684 15352
16421 -12044
17523 11545
10147 16237
14200 -19616
-12196 -3751
1876 7319
19216 -11057
-3738 17394
-16434 458
16813 5622
18359 18622
-11171 -3514
7083 -5344
-9061 17762
7282 -5813
-17490 9244
17800 7131
-3639 7616
4623 5511
5071 12225
9831 -13232
-1206 16461
-4271 -12971
-17799 -11133
-12530 12764
-4150 -6653
-15341 -19765
3221 -2751
-3906 -15695
5985 2274
-9898 7193
15719 -14395
4584 2156
4859 -5698
10867 -12603
-12822 -6454
-6488 -11924
3056 -3812
17392 17722
7518 3833
-18013 2569
8253 4412
1749 9227
-5144 15604
-17433 1824
13780 -19799
13345 -3271
-15808 -14108
549 -16065
-3962 7973
-15562 17690
-4745 -18174
-12861 -4566
5785 16133
4546 -6592
18878 -7091
3178 16933
-8965 -8334
-9486 -16490
10983 7542
2134 -15363
-5390 -301
-19021 -18305
15097 9802
-13276 -11162
5848 3204
-11342 6838
-17737 13461
-14062 -4421
-9918 -5678
19034 -8688
5230 -1061
-150 12074
-19374 18018
-15490 18855
8659 19927
19114 3592
7398 12993
-12483 -19939
9268 -5453
911 16506
753 2686
-12460 18772
-17181 -6991
18710 4706
-8253 -12620
2380 8204
12928 -8225
6498 -3328
-8561 3615
-10297 15447
-9444 781
-13320 -10041
9461 12775
349 -15867
9969 19327
-4111 6751
6781 3839
-145 2818
-5262 1780
2516 -6210
-11885 -14293
-9153 3389
-12535 -19957
-3631 8980
-14795 -6527
135 860
11278 258
-13274 -1572
-13987 13347
2117 8478
-13061 15543
-6014 -16151
-19870 1234
-11180 -18871
5894 15604
8726 -8344
5222 499
-9764 -4646
614 8919
10798 1778
18274 19318
-11752 2609
-15803 -8468
-11434 2117
11159 1711
-16673 9317
13026 13972
11887 -11065
1077 -8981
-15599 -3768
7307 13792
1916 -2885
-10218 -12966
-6692 11834
-6407 -3408
-4034 -6755
16446 8234
-11114 7739
2478 4732
-4090 19968
-3583 4539
-6932 -13977
-7917 -16099
14119 15864
-395 -3423
-7132 6657
-8778 8886
5117 -13060
-6628 15241
10762 2160
7829 15444
18977 5318
-7281 -14564
-9846 -5980
2370 17254
-6907 -12842
-11460 10739
-1264 -11248
-3645 -13421
-4465 -13422
-13 874
-19587 13323
-17170 10665
5457 -545
-17318 9692
-11623 -18908
16517 -19161
-14583 5259
-4082 -9991
-19530 -12745
-4697 -10133
6427 8109
-18580 4196
12813 -7018
-14526 19943
-10051 2080
-16814 13615
-19060 4649
18018 -8623
-7246 18457
6484 18438
-3683 8350
-14509 -1756
-864 -3064
15294 1809
6050 -8398
11562 -2672
17775 18286
-19795 841
5646 9492
11113 -14708
15084 -8199
-729 13283
-15440 -6001
16642 -14701
-16616 3105
-410 1181
-4426 -8577
3371 6284
-8843 7734
-4361 -4296
-453 -3399
-10728 -4032
-15166 -2024
-15976 7672
-15073 -11202
-16279 -18882
6398 -18665
-8105 18874
4942 -2857
3843 -10574
18052 10034
-10765 10429
-17666 -8644
-13603 13551
19438 17152
17509 -1789
16853 -15477
2957 13858
-1402 4139
-4519 -18775
-4580 4302
-6664 -1108
-6877 -17155
17275 -4814
-18271 -13391
-4512 2946
6518 13904
-9534 16275
10409 19509
-4139 4856
-11132 9631
-6720 8453
-9451 -7980
-6015 -4119
17286 10037
7504 -15556
9480 -12466
-640 2397
-15799 13066
-11063 -5417
18724 -16307
5975 3031
-19818 14773
-7218 9111
-10747 16570
19454 -3590
-19178 -12316
-3978 -4186
6711 -7914
-4086 -11515
-1688 11493
-5002 12819
11314 -4624
-15653 -80
19449 -1372
-7218 -17717
18092 -17626
2253 -1600
-14124 -8545
8977 15114
-5502 -11332
-16979 358
-7931 -16615
12159 -16429
-14011 -1182
11988 -5419
-7372 16329
13392 18924
1497 -11693
14274 19633
-14132 15081
-637 -15135
-13642 8853
-3800 11665
15459 -6938
3799 5143
9414 17200
-11339 -8332
-16769 -5300
-9436 522
-738 5759
16142 11025
-6213 19589
-6202 -7409
1805 7189
19772 -6779
-3041 -18141
-11965 14584
-10844 -17521
-19424 -3533
11377 461
11149 -9878
-13825 -272
-3304 -5222
-606 19550
-19109 18579
1798 3527
-2739 -6279
-11518 10215
15572 5306
-8587 2218
12202 -7789
-7572 17179
-10025 -8592
-8455 558
-18893 16689
16941 -14233
3083 1994
-19744 -19086
6059 18725
-10523 -4285
-15465 9454
10553 9956
5193 19768
626 -9848
-2925 19122
9150 13681
-4464 -11771
-9087 -5972
-9914 -12582
-3096 -2039
7123 -7151
-10946 11719
-10038 -15195
-8908 -16240
-14633 16163
19134 11776
12980 3047
22 4776
3450 2900
-13111 -19762
-2161 -7887
14597 -13151
-6070 6823
1564 11617
11219 13614
2321 15422
14839 8253
10080 6886
-15553 7130
-6959 5399
-9865 -18441
7869 -19061
8584 12946
17305 11548
2885 -6638
-5343 -3562
-4584 -6942
17211 -7140
-10776 7993
-2760 2942
-7096 12588
-1997 15542
14577 7915
4820 10393
-4691 -3908
14839 -2165
13735 -16110
-9871 1101
-483 -3597
16671 9321
13810 9062
-14447 -18566
8843 -9741
-14572 -8153
12252 -12088
5180 -13140
-14815 -10678
2156 18631
-19590 11056
17523 -19073
1385 -13750
3407 -18750
5361 -1408
-12717 -6809
-17447 -11382
-8347 15687
-17854 12078
-3076 13938
4958 -3590
5409 -4628
-19926 14923
-15911 -8862
-3018 19354
-9030 -293
3780 13840
-3493 16731
-693 -630
-19874 -18032
6922 18389
-1884 -5838
15066 3718
10698 -9074
-5521 -13406
-3011 -2361
13079 -15948
-16089 17049
14182 17689
-956 11416
18710 4839
-428 2451
-473 -4834
-1562 -13750
8852 16733
-17096 14851
5873 -19266
-17228 3928
6086 18562
7888 1348
-6933 -4926
1650 18755
8234 10745
-18207 -5731
1193 -14562
10173 4308
-19377 -5111
-9271 12788
7441 7355
-16644 -6130
3979 14751
-968 -137
325 9483
4889 6693
-288 -13236
-9154 -11802
-15319 -5457
-3320 8516
5299 1245
-10585 -18141
-956 16456
-2224 19226
7677 -17758
-2875 15330
1898 -1619
-5239 18893
9408 7803
13940 11790
3533 12002
-13500 1638
19460 -821
6868 -5873
670 -14576
-19541 10087
-18111 18585
-5586 283
12630 -4887
-1851 6173
7918 19047
-4731 -7134
7834 -13124
-8692 4921
-9280 9514
1704 1610
-2942 16571
-12062 -1484
-9107 5960
-18449 2808
-10925 -3029
18237 -14846
3887 16484
-14656 11102
7381 10162
-13220 7513
15694 -14219
-8641 -3836
16500 -15393
19556 -11094
19399 6193
-7752 -19687
13185 -13407
4823 18128
3161 511
-4674 -14746
-7710 16071
-13244 4502
-9036 12116
-17849 -6375
7807 -19237
-5809 -2679
2155 -16161
15926 -10792
7759 -2427
-14948 -9803
2562 -10980
874 16864
16386 -2646
3272 -11647
-5600 -6095
2312 -6021
-12623 -10749
-7692 -10727
13444 17831
2341 -6923
-13322 -7952
11462 2578
2383 18100
-8294 16761
17271 14054
-16479 1040
3405 13690
-2641 -18196
-6976 272
-6534 -18948
12260 9083
13392 4920
-1691 16963
1967 1542
6432 -18619
-1879 13751
14513 -16112
-6256 -8648
-2135 5388
-19532 16496
-10476 7336
13295 -10603
-18137 16499
8724 -3061
-6038 19562
3387 -422
4708 3427
-13306 -11166
2765 7430
17479 8733
5656 11755
12371 -487
-2843 -11591
-4107 -4841
-12628 -5172
3898 15690
9402 -19512
-321 14251
10820 3219
-16900 3975
16883 18048
-13093 -12379
-19630 -8135
-8364 4719
-4367 -3582
6523 3527
16177 4166
-10301 -18633
17066 16476
-8773 -7157
-15046 -16061
-1888 12317
5501 -15035
-2854 -17153
-12290 11562
126 -17910
15168 15372
19901 -16942
4920 1108
-2618 14395
15951 2987
621 15902
-11763 10223
4645 -17816
-2890 2449
-6133 -16289
-4336 -17334
-4856 -15331
13028 665
13349 4053
-3974 -11813
15284 8731
19612 4476
10236 -10782
-9854 6257
-19492 -4745
-19769 9863
14052 13553
10378 9096
-5592 2579
11786 -3995
17489 1778
18381 11764
-14775 17216
17924 19331
8153 1224
-18060 -10182
-4470 17463
8397 8629
13482 6825
15169 -16359
10247 5950
5753 -5064
-15207 7136
11604 -10895
19222 -7584
-7000 18089
3254 -4922
6235 4660
-4804 -3708
-15893 6491
-9500 -1758
7220 -8326
14124 5325
-18338 6943
16537 10543
-12908 5232
-13803 -15651
15381 -15791
-7304 -5354
705 -7163
13227 -7852
134 -9810
17015 9473
-890 -11089
11537 6150
13361 6672
18550 14829
-2741 67
12027 17206
-11230 -8483
-17493 -1114
-2757 -2093
-8426 11291
6352 13043
-16643 -15533
-11182 2068
-19581 -14872
10215 -16216
6807 17544
-5568 -12912
19897 261
-19225 -8563
-14523 8484
4924 -1021
-18823 -16442
-15308 -6141
-8894 6990
6302 -3641
3634 -10618
8000 0
8000 0
8000 0
8000 0
8000 0
8000 0
8000 0
8000 0
8000 0
8000 0
8000 0
8000 0
8000 0
8000 0
8000 0
8000 0
8000 0
8000 0
8000 0
8000 0
8000 0
8000 0
8000 0
8000 0
8000 0
8000 0
8000 0
8000 0
8000 0
8000 0
8000 0
8000 0
8000 0
8000 0
8000 0
8000 0
8000 0
8000 0
8000 0
8000 0
8000 0
8000 0
8000 0
8000 0
8000 0
8000 0
8000 0
8000 0
8000 0
8000 0
8000 0
8000 0
8000 0
8000 0
8000 0
8000 0
8000 0
8000 0
8000 0
8000 0
8000 0
8000 0
8000 0
8000 0
8000 0
8000 0
8000 0
8000 0
8000 0
8000 0
8000 0
8000 0
8000 0
8000 0
8000 0
8000 0
8000 0
8000 0
8000 0
8000 0
8000 0
8000 0
8000 0
8000 0
8000 0
8000 0
8000 0
8000 0
8000 0
8000 0
8000 0
8000 0
8000 0
8000 0
8000 0
8000 0
8000 0
8000 0
8000 0
8000 0
8000 0
8000 0
8000 0
8000 0
8000 0
8000 0
8000 0
8000 0
8000 0
8000 0
8000 0
8000 0
8000 0
8000 0
8000 0
8000 0
8000 0
8000 0
8000 0
8000 0
8000 0
8000 0
8000 0
8000 0
8000 0
8000 0
8000 0
8000 0
8000 0
8000 0
8000 0
8000 0
8000 0
8000 0
8000 0
8000 0
8000 0
8000 0
8000 0
8000 0
8000 0
8000 0
8000 0
8000 0
8000 0
8000 0
8000 0
8000 0
8000 0
8000 0
8000 0
8000 0
8000 0
8000 0
8000 0
8000 0
8000 0
8000 0
8000 0
8000 0
8000 0
8000 0
8000 0
8000 0
8000 0
8000 0
8000 0
8000 0
8000 0
8000 0
8000 0
8000 0
8000 0
8000 0
8000 0
8000 0
8000 0
8000 0
8000 0
8000 0
8000 0
8000 0
8000 0
8000 0
8000 0
8000 0
8000 0
8000 0
8000 0
8000 0
8000 0
8000 0
8000 0
8000 0
8000 0
8000 0
8000 0
8000 0
8000 0
8000 0
8000 0
8000 0
8000 0
8000 0
8000 0
8000 0
8000 0
8000 0
8000 0
8000 0
8000 0
8000 0
8000 0
8000 0
8000 0
8000 0
8000 0
8000 0
8000 0
8000 0
8000 0
8000 0
8000 0
8000 0
8000 0
8000 0
8000 0
8000 0
8000 0
8000 0
8000 0
8000 0
8000 0
8000 0
8000 0
8000 0
8000 0
8000 0
8000 0
8000 0
8000 0
8000 0
8000 0
8000 0
8000 0
8000 0
8000 0
8000 0
8000 0
8000 0
8000 0
8000 0
8000 0
8000 0
8000 0
8000 0
8000 0
8000 0
8000 0
8000 0
8000 0
8000 0
8000 0
8000 0
8000 0
8000 0
8000 0
8000 0
8000 0
8000 0
8000 0
8000 0
8000 0
8000 0
8000 0
8000 0
8000 0
8000 0
8000 0
8000 0
8000 0
8000 0
8000 0
8000 0
8000 0
8000 0
8000 0
8000 0
8000 0
8000 0
8000 0
8000 0
8000 0
8000 0
8000 0
8000 0
8000 0
8000 0
8000 0
8000 0
8000 0
8000 0
8000 0
8000 0
8000 0
8000 0
8000 0
8000 0
8000 0
8000 0
8000 0
8000 0
8000 0
8000 0
8000 0
8000 0
8000 0
8000 0
8000 0
8000 0
8000 0
8000 0
8000 0
8000 0
8000 0
8000 0
8000 0
8000 0
8000 0
8000 0
8000 0
8000 0
8000 0
8000 0
8000 0
8000 0
8000 0
8000 0
8000 0
8000 0
8000 0
8000 0
8000 0
8000 0
8000 0
8000 0
8000 0
8000 0
8000 0
8000 0
8000 0
8000 0
8000 0
8000 0
8000 0
8000 0
8000 0
8000 0
8000 0
8000 0
8000 0
8000 0
8000 0
8000 0
8000 0
8000 0
8000 0
8000 0
8000 0
8000 0
8000 0
8000 0
8000 0
8000 0
8000 0
8000 0
8000 0
8000 0
8000 0
8000 0
8000 0
8000 0
8000 0
8000 0
8000 0
8000 0
8000 0
8000 0
8000 0
8000 0
8000 0
8000 0
8000 0
8000 0
8000 0
8000 0
8000 0
8000 0
8000 0
8000 0
8000 0
8000 0
8000 0
8000 0
8000 0
8000 0
8000 0
8000 0
8000 0
8000 0
8000 0
8000 0
8000 0
8000 0
8000 0
8000 0
8000 0
8000 0
8000 0
8000 0
8000 0
8000 0
8000 0
8000 0
8000 0
8000 0
8000 0
8000 0
8000 0
8000 0
8000 0
8000 0
8000 0
8000 0
8000 0
8000 0
8000 0
8000 0
8000 0
8000 0
8000 0
8000 0
8000 0
8000 0
8000 0
8000 0
8000 0
8000 0
8000 0
8000 0
8000 0
8000 0
8000 0
8000 0
8000 0
8000 0
8000 0
8000 0
8000 0
8000 0
8000 0
8000 0
8000 0
8000 0
8000 0
8000 0
8000 0
8000 0
8000 0
8000 0
8000 0
8000 0
8000 0
8000 0
8000 0
8000 0
8000 0
8000 0
8000 0
8000 0
8000 0
8000 0
8000 0
8000 0
8000 0
8000 0
8000 0
8000 0
8000 0
8000 0
8000 0
8000 0
8000 0
8000 0
8000 0
8000 0
8000 0
8000 0
8000 0
8000 0
8000 0
8000 0
8000 0
8000 0
8000 0
8000 0
8000 0
8000 0
8000 0
8000 0
8000 0
8000 0
8000 0
8000 0
8000 0
8000 0
8000 0
8000 0
8000 0
8000 0
8000 0
8000 0
8000 0
8000 0
8000 0
8000 0
8000 0
8000 0
8000 0
8000 0
8000 0
8000 0
8000 0
8000 0
8000 0
8000 0
8000 0
8000 0
8000 0
8000 0
8000 0
8000 0
8000 0
8000 0
8000 0
8000 0
8000 0
8000 0
8000 0
8000 0
8000 0
8000 0
8000 0
8000 0
8000 0
8000 0
8000 0
8000 0
8000 0
8000 0
8000 0
8000 0
8000 0
8000 0
8000 0
8000 0
8000 0
8000 0
8000 0
8000 0
8000 0
8000 0
8000 0
8000 0
8000 0
8000 0
8000 0
8000 0
8000 0
8000 0
8000 0
8000 0
8000 0
8000 0
8000 0
8000 0
8000 0
8000 0
8000 0
8000 0
8000 0
8000 0
8000 0
8000 0
8000 0
8000 0
8000 0
8000 0
8000 0
8000 0
8000 0
8000 0
8000 0
8000 0
8000 0
8000 0
8000 0
8000 0
8000 0
8000 0
8000 0
8000 0
8000 0
8000 0
8000 0
8000 0
8000 0
8000 0
8000 0
8000 0
8000 0
8000 0
8000 0
8000 0
8000 0
8000 0
8000 0
8000 0
8000 0
8000 0
8000 0
8000 0
8000 0
8000 0
8000 0
8000 0
8000 0
8000 0
8000 0
8000 0
8000 0
8000 0
8000 0
8000 0
8000 0
8000 0
8000 0
8000 0
8000 0
8000 0
8000 0
8000 0
8000 0
8000 0
8000 0
8000 0
8000 0
8000 0
8000 0
8000 0
8000 0
8000 0
8000 0
8000 0
8000 0
8000 0
8000 0
8000 0
8000 0
8000 0
8000 0
8000 0
8000 0
8000 0
8000 0
8000 0
8000 0
8000 0
8000 0
8000 0
8000 0
8000 0
8000 0
8000 0
8000 0
8000 0
8000 0
8000 0
8000 0
8000 0
8000 0
8000 0
8000 0
8000 0
8000 0
8000 0
8000 0
8000 0
8000 0
8000 0
8000 0
8000 0
8000 0
8000 0
8000 0
8000 0
8000 0
8000 0
8000 0
8000 0
8000 0
8000 0
8000 0
8000 0
8000 0
8000 0
8000 0
8000 0
8000 0
8000 0
8000 0
7961 784
7846 1561
7656 2322
7391 3061
7055 3771
6652 4445
6184 5075
5657 5657
5075 6184
4445 6652
3771 7055
3061 7391
2322 7656
1561 7846
784 7961
0 8000
-784 7961
-1561 7846
-2322 7656
-3061 7391
-3771 7055
-4445 6652
-5075 6184
-5657 5657
-6184 5075
-6652 4445
-7055 3771
-7391 3061
-7656 2322
-7846 1561
-7961 784
-8000 0
-7961 -784
-7846 -1561
-7656 -2322
-7391 -3061
-7055 -3771
-6652 -4445
-6184 -5075
-5657 -5657
-5075 -6184
-4445 -6652
-3771 -7055
-3061 -7391
-2322 -7656
-1561 -7846
-784 -7961
0 -8000
784 -7961
1561 -7846
2322 -7656
3061 -7391
3771 -7055
4445 -6652
5075 -6184
5657 -5657
6184 -5075
6652 -4445
7055 -3771
7391 -3061
7656 -2322
7846 -1561
7961 -784
8000 0
7961 784
7846 1561
7656 2322
7391 3061
7055 3771
6652 4445
6184 5075
5657 5657
5075 6184
4445 6652
3771 7055
3061 7391
2322 7656
1561 7846
784 7961
0 8000
-784 7961
-1561 7846
-2322 7656
-3061 7391
-3771 7055
-4445 6652
-5075 6184
-5657 5657
-6184 5075
-6652 4445
-7055 3771
-7391 3061
-7656 2322
-7846 1561
-7961 784
-8000 0
-7961 -784
-7846 -1561
-7656 -2322
-7391 -3061
-7055 -3771
-6652 -4445
-6184 -5075
-5657 -5657
-5075 -6184
-4445 -6652
-3771 -7055
-3061 -7391
-2322 -7656
-1561 -7846
-784 -7961
0 -8000
784 -7961
1561 -7846
2322 -7656
3061 -7391
3771 -7055
4445 -6652
5075 -6184
5657 -5657
6184 -5075
6652 -4445
7055 -3771
7391 -3061
7656 -2322
7846 -1561
7961 -784
8000 0
7961 784
7846 1561
7656 2322
7391 3061
7055 3771
6652 4445
6184 5075
5657 5657
5075 6184
4445 6652
3771 7055
3061 7391
2322 7656
1561 7846
784 7961
0 8000
-784 7961
-1561 7846
-2322 7656
-3061 7391
-3771 7055
-4445 6652
-5075 6184
-5657 5657
-6184 5075
-6652 4445
-7055 3771
-7391 3061
-7656 2322
-7846 1561
-7961 784
-8000 0
-7961 -784
-7846 -1561
-7656 -2322
-7391 -3061
-7055 -3771
-6652 -4445
-6184 -5075
-5657 -5657
-5075 -6184
-4445 -6652
-3771 -7055
-3061 -7391
-2322 -7656
-1561 -7846
-784 -7961
0 -8000
784 -7961
1561 -7846
2322 -7656
3061 -7391
3771 -7055
4445 -6652
5075 -6184
5657 -5657
6184 -5075
6652 -4445
7055 -3771
7391 -3061
7656 -2322
7846 -1561
7961 -784
8000 0
7961 784
7846 1561
7656 2322
7391 3061
7055 3771
6652 4445
6184 5075
5657 5657
5075 6184
4445 6652
3771 7055
3061 7391
2322 7656
1561 7846
784 7961
0 8000
-784 7961
-1561 7846
-2322 7656
-3061 7391
-3771 7055
-4445 6652
-5075 6184
-5657 5657
-6184 5075
-6652 4445
-7055 3771
-7391 3061
-7656 2322
-7846 1561
-7961 784
-8000 0
-7961 -784
-7846 -1561
-7656 -2322
-7391 -3061
-7055 -3771
-6652 -4445
-6184 -5075
-5657 -5657
-5075 -6184
-4445 -6652
-3771 -7055
-3061 -7391
-2322 -7656
-1561 -7846
-784 -7961
0 -8000
784 -7961
1561 -7846
2322 -7656
3061 -7391
3771 -7055
4445 -6652
5075 -6184
5657 -5657
6184 -5075
6652 -4445
7055 -3771
7391 -3061
7656 -2322
7846 -1561
7961 -784
8000 0
7961 784
7846 1561
7656 2322
7391 3061
7055 3771
6652 4445
6184 5075
5657 5657
5075 6184
4445 6652
3771 7055
3061 7391
2322 7656
1561 7846
784 7961
0 8000
-784 7961
-1561 7846
-2322 7656
-3061 7391
-3771 7055
-4445 6652
-5075 6184
-5657 5657
-6184 5075
-6652 4445
-7055 3771
-7391 3061
-7656 2322
-7846 1561
-7961 784
-8000 0
-7961 -784
-7846 -1561
-7656 -2322
-7391 -3061
-7055 -3771
-6652 -4445
-6184 -5075
-5657 -5657
-5075 -6184
-4445 -6652
-3771 -7055
-3061 -7391
-2322 -7656
-1561 -7846
-784 -7961
0 -8000
784 -7961
1561 -7846
2322 -7656
3061 -7391
3771 -7055
4445 -6652
5075 -6184
5657 -5657
6184 -5075
6652 -4445
7055 -3771
7391 -3061
7656 -2322
7846 -1561
7961 -784
8000 0
7961 784
7846 1561
7656 2322
7391 3061
7055 3771
6652 4445
6184 5075
5657 5657
5075 6184
4445 6652
3771 7055
3061 7391
2322 7656
1561 7846
784 7961
0 8000
-784 7961
-1561 7846
-2322 7656
-3061 7391
-3771 7055
-4445 6652
-5075 6184
-5657 5657
-6184 5075
-6652 4445
-7055 3771
-7391 3061
-7656 2322
-7846 1561
-7961 784
-8000 0
-7961 -784
-7846 -1561
-7656 -2322
-7391 -3061
-7055 -3771
-6652 -4445
-6184 -5075
-5657 -5657
-5075 -6184
-4445 -6652
-3771 -7055
-3061 -7391
-2322 -7656
-1561 -7846
-784 -7961
0 -8000
784 -7961
1561 -7846
2322 -7656
3061 -7391
3771 -7055
4445 -6652
5075 -6184
5657 -5657
6184 -5075
6652 -4445
7055 -3771
7391 -3061
7656 -2322
7846 -1561
7961 -784
8000 0
7961 784
7846 1561
7656 2322
7391 3061
7055 3771
6652 4445
6184 5075
5657 5657
5075 6184
4445 6652
3771 7055
3061 7391
2322 7656
1561 7846
784 7961
0 8000
-784 7961
-1561 7846
-2322 7656
-3061 7391
-3771 7055
-4445 6652
-5075 6184
-5657 5657
-6184 5075
-6652 4445
-7055 3771
-7391 3061
-7656 2322
-7846 1561
-7961 784
-8000 0
-7961 -784
-7846 -1561
-7656 -2322
-7391 -3061
-7055 -3771
-6652 -4445
-6184 -5075
-5657 -5657
-5075 -6184
-4445 -6652
-3771 -7055
-3061 -7391
-2322 -7656
-1561 -7846
-784 -7961
0 -8000
784 -7961
1561 -7846
2322 -7656
3061 -7391
3771 -7055
4445 -6652
5075 -6184
5657 -5657
6184 -5075
6652 -4445
7055 -3771
7391 -3061
7656 -2322
7846 -1561
7961 -784
8000 0
7961 784
7846 1561
7656 2322
7391 3061
7055 3771
6652 4445
6184 5075
5657 5657
5075 6184
4445 6652
3771 7055
3061 7391
2322 7656
1561 7846
784 7961
0 8000
-784 7961
-1561 7846
-2322 7656
-3061 7391
-3771 7055
-4445 6652
-5075 6184
-5657 5657
-6184 5075
-6652 4445
-7055 3771
-7391 3061
-7656 2322
-7846 1561
-7961 784
-8000 0
-7961 -784
-7846 -1561
-7656 -2322
-7391 -3061
-7055 -3771
-6652 -4445
-6184 -5075
-5657 -5657
-5075 -6184
-4445 -6652
-3771 -7055
-3061 -7391
-2322 -7656
-1561 -7846
-784 -7961
0 -8000
784 -7961
1561 -7846
2322 -7656
3061 -7391
3771 -7055
4445 -6652
5075 -6184
5657 -5657
6184 -5075
6652 -4445
7055 -3771
7391 -3061
7656 -2322
7846 -1561
7961 -784
8000 0
7961 784
7846 1561
7656 2322
7391 3061
7055 3771
6652 4445
6184 5075
5657 5657
5075 6184
4445 6652
3771 7055
3061 7391
2322 7656
1561 7846
784 7961
0 8000
-784 7961
-1561 7846
-2322 7656
-3061 7391
-3771 7055
-4445 6652
-5075 6184
-5657 5657
-6184 5075
-6652 4445
-7055 3771
-7391 3061
-7656 2322
-7846 1561
-7961 784
-8000 0
-7961 -784
-7846 -1561
-7656 -2322
-7391 -3061
-7055 -3771
-6652 -4445
-6184 -5075
-5657 -5657
-5075 -6184
-4445 -6652
-3771 -7055
-3061 -7391
-2322 -7656
-1561 -7846
-784 -7961
0 -8000
784 -7961
1561 -7846
2322 -7656
3061 -7391
3771 -7055
4445 -6652
5075 -6184
5657 -5657
6184 -5075
6652 -4445
7055 -3771
7391 -3061
7656 -2322
7846 -1561
7961 -784
8000 0
7961 784
7846 1561
7656 2322
7391 3061
7055 3771
6652 4445
6184 5075
5657 5657
5075 6184
4445 6652
3771 7055
3061 7391
2322 7656
1561 7846
784 7961
0 8000
-784 7961
-1561 7846
-2322 7656
-3061 7391
-3771 7055
-4445 6652
-5075 6184
-5657 5657
-6184 5075
-6652 4445
-7055 3771
-7391 3061
-7656 2322
-7846 1561
-7961 784
-8000 0
-7961 -784
-7846 -1561
-7656 -2322
-7391 -3061
-7055 -3771
-6652 -4445
-6184 -5075
-5657 -5657
-5075 -6184
-4445 -6652
-3771 -7055
-3061 -7391
-2322 -7656
-1561 -7846
-784 -7961
0 -8000
784 -7961
1561 -7846
2322 -7656
3061 -7391
3771 -7055
4445 -6652
5075 -6184
5657 -5657
6184 -5075
6652 -4445
7055 -3771
7391 -3061
7656 -2322
7846 -1561
7961 -784
8000 0
7961 784
7846 1561
7656 2322
7391 3061
7055 3771
6652 4445
6184 5075
5657 5657
5075 6184
4445 6652
3771 7055
3061 7391
2322 7656
1561 7846
784 7961
0 8000
-784 7961
-1561 7846
-2322 7656
-3061 7391
-3771 7055
-4445 6652
-5075 6184
-5657 5657
-6184 5075
-6652 4445
-7055 3771
-7391 3061
-7656 2322
-7846 1561
-7961 784
-8000 0
-7961 -784
-7846 -1561
-7656 -2322
-7391 -3061
-7055 -3771
-6652 -4445
-6184 -5075
-5657 -5657
-5075 -6184
-4445 -6652
-3771 -7055
-3061 -7391
-2322 -7656
-1561 -7846
-784 -7961
0 -8000
784 -7961
1561 -7846
2322 -7656
3061 -7391
3771 -7055
4445 -6652
5075 -6184
5657 -5657
6184 -5075
6652 -4445
7055 -3771
7391 -3061
7656 -2322
7846 -1561
7961 -784
8000 0
7961 784
7846 1561
7656 2322
7391 3061
7055 3771
6652 4445
6184 5075
5657 5657
5075 6184
4445 6652
3771 7055
3061 7391
2322 7656
1561 7846
784 7961
8000 0
7846 1561
7391 3061
6652 4445
5657 5657
4445 6652
3061 7391
1561 7846
0 8000
-1561 7846
-3061 7391
-4445 6652
-5657 5657
-6652 4445
-7391 3061
-7846 1561
-8000 0
-7846 -1561
-7391 -3061
-6652 -4445
-5657 -5657
-4445 -6652
-3061 -7391
-1561 -7846
0 -8000
1561 -7846
3061 -7391
4445 -6652
5657 -5657
6652 -4445
7391 -3061
7846 -1561
8000 0
7846 1561
7391 3061
6652 4445
5657 5657
4445 6652
3061 7391
1561 7846
0 8000
-1561 7846
-3061 7391
-4445 6652
-5657 5657
-6652 4445
-7391 3061
-7846 1561
-8000 0
-7846 -1561
-7391 -3061
-6652 -4445
-5657 -5657
-4445 -6652
-3061 -7391
-1561 -7846
0 -8000
1561 -7846
3061 -7391
4445 -6652
5657 -5657
6652 -4445
7391 -3061
7846 -1561
8000 0
7846 1561
7391 3061
6652 4445
5657 5657
4445 6652
3061 7391
1561 7846
0 8000
-1561 7846
-3061 7391
-4445 6652
-5657 5657
-6652 4445
-7391 3061
-7846 1561
-8000 0
-7846 -1561
-7391 -3061
-6652 -4445
-5657 -5657
-4445 -6652
-3061 -7391
-1561 -7846
0 -8000
1561 -7846
3061 -7391
4445 -6652
5657 -5657
6652 -4445
7391 -3061
7846 -1561
8000 0
7846 1561
7391 3061
6652 4445
5657 5657
4445 6652
3061 7391
1561 7846
0 8000
-1561 7846
-3061 7391
-4445 6652
-5657 5657
-6652 4445
-7391 3061
-7846 1561
-8000 0
-7846 -1561
-7391 -3061
-6652 -4445
-5657 -5657
-4445 -6652
-3061 -7391
-1561 -7846
0 -8000
1561 -7846
3061 -7391
4445 -6652
5657 -5657
6652 -4445
7391 -3061
7846 -1561
8000 0
7846 1561
7391 3061
6652 4445
5657 5657
4445 6652
3061 7391
1561 7846
0 8000
-1561 7846
-3061 7391
-4445 6652
-5657 5657
-6652 4445
-7391 3061
-7846 1561
-8000 0
-7846 -1561
-7391 -3061
-6652 -4445
-5657 -5657
-4445 -6652
-3061 -7391
-1561 -7846
0 -8000
1561 -7846
3061 -7391
4445 -6652
5657 -5657
6652 -4445
7391 -3061
7846 -1561
8000 0
7846 1561
7391 3061
6652 4445
5657 5657
4445 6652
3061 7391
1561 7846
0 8000
-1561 7846
-3061 7391
-4445 6652
-5657 5657
-6652 4445
-7391 3061
-7846 1561
-8000 0
-7846 -1561
-7391 -3061
-6652 -4445
-5657 -5657
-4445 -6652
-3061 -7391
-1561 -7846
0 -8000
1561 -7846
3061 -7391
4445 -6652
5657 -5657
6652 -4445
7391 -3061
7846 -1561
8000 0
7846 1561
7391 3061
6652 4445
5657 5657
4445 6652
3061 7391
1561 7846
0 8000
-1561 7846
-3061 7391
-4445 6652
-5657 5657
-6652 4445
-7391 3061
-7846 1561
-8000 0
-7846 -1561
-7391 -3061
-6652 -4445
-5657 -5657
-4445 -6652
-3061 -7391
-1561 -7846
0 -8000
1561 -7846
3061 -7391
4445 -6652
5657 -5657
6652 -4445
7391 -3061
7846 -1561
8000 0
7846 1561
7391 3061
6652 4445
5657 5657
4445 6652
3061 7391
1561 7846
0 8000
-1561 7846
-3061 7391
-4445 6652
-5657 5657
-6652 4445
-7391 3061
-7846 1561
-8000 0
-7846 -1561
-7391 -3061
-6652 -4445
-5657 -5657
-4445 -6652
-3061 -7391
-1561 -7846
0 -8000
1561 -7846
3061 -7391
4445 -6652
5657 -5657
6652 -4445
7391 -3061
7846 -1561
8000 0
7846 1561
7391 3061
6652 4445
5657 5657
4445 6652
3061 7391
1561 7846
0 8000
-1561 7846
-3061 7391
-4445 6652
-5657 5657
-6652 4445
-7391 3061
-7846 1561
-8000 0
-7846 -1561
-7391 -3061
-6652 -4445
-5657 -5657
-4445 -6652
-3061 -7391
-1561 -7846
0 -8000
1561 -7846
3061 -7391
4445 -6652
5657 -5657
6652 -4445
7391 -3061
7846 -1561
8000 0
7846 1561
7391 3061
6652 4445
5657 5657
4445 6652
3061 7391
1561 7846
0 8000
-1561 7846
-3061 7391
-4445 6652
-5657 5657
-6652 4445
-7391 3061
-7846 1561
-8000 0
-7846 -1561
-7391 -3061
-6652 -4445
-5657 -5657
-4445 -6652
-3061 -7391
-1561 -7846
0 -8000
1561 -7846
3061 -7391
4445 -6652
5657 -5657
6652 -4445
7391 -3061
7846 -1561
8000 0
7846 1561
7391 3061
6652 4445
5657 5657
4445 6652
3061 7391
1561 7846
0 8000
-1561 7846
-3061 7391
-4445 6652
-5657 5657
-6652 4445
-7391 3061
-7846 1561
-8000 0
-7846 -1561
-7391 -3061
-6652 -4445
-5657 -5657
-4445 -6652
-3061 -7391
-1561 -7846
0 -8000
1561 -7846
3061 -7391
4445 -6652
5657 -5657
6652 -4445
7391 -3061
7846 -1561
8000 0
7846 1561
7391 3061
6652 4445
5657 5657
4445 6652
3061 7391
1561 7846
0 8000
-1561 7846
-3061 7391
-4445 6652
-5657 5657
-6652 4445
-7391 3061
-7846 1561
-8000 0
-7846 -1561
-7391 -3061
-6652 -4445
-5657 -5657
-4445 -6652
-3061 -7391
-1561 -7846
0 -8000
1561 -7846
3061 -7391
4445 -6652
5657 -5657
6652 -4445
7391 -3061
7846 -1561
8000 0
7846 1561
7391 3061
6652 4445
5657 5657
4445 6652
3061 7391
1561 7846
0 8000
-1561 7846
-3061 7391
-4445 6652
-5657 5657
-6652 4445
-7391 3061
-7846 1561
-8000 0
-7846 -1561
-7391 -3061
-6652 -4445
-5657 -5657
-4445 -6652
-3061 -7391
-1561 -7846
0 -8000
1561 -7846
3061 -7391
4445 -6652
5657 -5657
6652 -4445
7391 -3061
7846 -1561
8000 0
7846 1561
7391 3061
6652 4445
5657 5657
4445 6652
3061 7391
1561 7846
0 8000
-1561 7846
-3061 7391
-4445 6652
-5657 5657
-6652 4445
-7391 3061
-7846 1561
-8000 0
-7846 -1561
-7391 -3061
-6652 -4445
-5657 -5657
-4445 -6652
-3061 -7391
-1561 -7846
0 -8000
1561 -7846
3061 -7391
4445 -6652
5657 -5657
6652 -4445
7391 -3061
7846 -1561
8000 0
7846 1561
7391 3061
6652 4445
5657 5657
4445 6652
3061 7391
1561 7846
0 8000
-1561 7846
-3061 7391
-4445 6652
-5657 5657
-6652 4445
-7391 3061
-7846 1561
-8000 0
-7846 -1561
-7391 -3061
-6652 -4445
-5657 -5657
-4445 -6652
-3061 -7391
-1561 -7846
0 -8000
1561 -7846
3061 -7391
4445 -6652
5657 -5657
6652 -4445
7391 -3061
7846 -1561
8000 0
7846 1561
7391 3061
6652 4445
5657 5657
4445 6652
3061 7391
1561 7846
0 8000
-1561 7846
-3061 7391
-4445 6652
-5657 5657
-6652 4445
-7391 3061
-7846 1561
-8000 0
-7846 -1561
-7391 -3061
-6652 -4445
-5657 -5657
-4445 -6652
-3061 -7391
-1561 -7846
0 -8000
1561 -7846
3061 -7391
4445 -6652
5657 -5657
6652 -4445
7391 -3061
7846 -1561
8000 0
7846 1561
7391 3061
6652 4445
5657 5657
4445 6652
3061 7391
1561 7846
0 8000
-1561 7846
-3061 7391
-4445 6652
-5657 5657
-6652 4445
-7391 3061
-7846 1561
-8000 0
-7846 -1561
-7391 -3061
-6652 -4445
-5657 -5657
-4445 -6652
-3061 -7391
-1561 -7846
0 -8000
1561 -7846
3061 -7391
4445 -6652
5657 -5657
6652 -4445
7391 -3061
7846 -1561
8000 0
7846 1561
7391 3061
6652 4445
5657 5657
4445 6652
3061 7391
1561 7846
0 8000
-1561 7846
-3061 7391
-4445 6652
-5657 5657
-6652 4445
-7391 3061
-7846 1561
-8000 0
-7846 -1561
-7391 -3061
-6652 -4445
-5657 -5657
-4445 -6652
-3061 -7391
-1561 -7846
0 -8000
1561 -7846
3061 -7391
4445 -6652
5657 -5657
6652 -4445
7391 -3061
7846 -1561
8000 0
7846 1561
7391 3061
6652 4445
5657 5657
4445 6652
3061 7391
1561 7846
0 8000
-1561 7846
-3061 7391
-4445 6652
-5657 5657
-6652 4445
-7391 3061
-7846 1561
-8000 0
-7846 -1561
-7391 -3061
-6652 -4445
-5657 -5657
-4445 -6652
-3061 -7391
-1561 -7846
0 -8000
1561 -7846
3061 -7391
4445 -6652
5657 -5657
6652 -4445
7391 -3061
7846 -1561
8000 0
7846 1561
7391 3061
6652 4445
5657 5657
4445 6652
3061 7391
1561 7846
0 8000
-1561 7846
-3061 7391
-4445 6652
-5657 5657
-6652 4445
-7391 3061
-7846 1561
-8000 0
-7846 -1561
-7391 -3061
-6652 -4445
-5657 -5657
-4445 -6652
-3061 -7391
-1561 -7846
0 -8000
1561 -7846
3061 -7391
4445 -6652
5657 -5657
6652 -4445
7391 -3061
7846 -1561
8000 0
7846 1561
7391 3061
6652 4445
5657 5657
4445 6652
3061 7391
1561 7846
0 8000
-1561 7846
-3061 7391
-4445 6652
-5657 5657
-6652 4445
-7391 3061
-7846 1561
-8000 0
-7846 -1561
-7391 -3061
-6652 -4445
-5657 -5657
-4445 -6652
-3061 -7391
-1561 -7846
0 -8000
1561 -7846
3061 -7391
4445 -6652
5657 -5657
6652 -4445
7391 -3061
7846 -1561
8000 0
7846 1561
7391 3061
6652 4445
5657 5657
4445 6652
3061 7391
1561 7846
0 8000
-1561 7846
-3061 7391
-4445 6652
-5657 5657
-6652 4445
-7391 3061
-7846 1561
-8000 0
-7846 -1561
-7391 -3061
-6652 -4445
-5657 -5657
-4445 -6652
-3061 -7391
-1561 -7846
0 -8000
1561 -7846
3061 -7391
4445 -6652
5657 -5657
6652 -4445
7391 -3061
7846 -1561
8000 0
7846 1561
7391 3061
6652 4445
5657 5657
4445 6652
3061 7391
1561 7846
0 8000
-1561 7846
-3061 7391
-4445 6652
-5657 5657
-6652 4445
-7391 3061
-7846 1561
8000 0
7055 3771
4445 6652
784 7961
-3061 7391
-6184 5075
-7846 1561
-7656 -2322
-5657 -5657
-2322 -7656
1561 -7846
5075 -6184
7391 -3061
7961 784
6652 4445
3771 7055
0 8000
-3771 7055
-6652 4445
-7961 784
-7391 -3061
-5075 -6184
-1561 -7846
2322 -7656
5657 -5657
7656 -2322
7846 1561
6184 5075
3061 7391
-784 7961
-4445 6652
-7055 3771
-8000 0
-7055 -3771
-4445 -6652
-784 -7961
3061 -7391
6184 -5075
7846 -1561
7656 2322
5657 5657
2322 7656
-1561 7846
-5075 6184
-7391 3061
-7961 -784
-6652 -4445
-3771 -7055
0 -8000
3771 -7055
6652 -4445
7961 -784
7391 3061
5075 6184
1561 7846
-2322 7656
-5657 5657
-7656 2322
-7846 -1561
-6184 -5075
-3061 -7391
784 -7961
4445 -6652
7055 -3771
8000 0
7055 3771
4445 6652
784 7961
-3061 7391
-6184 5075
-7846 1561
-7656 -2322
-5657 -5657
-2322 -7656
1561 -7846
5075 -6184
7391 -3061
7961 784
6652 4445
3771 7055
0 8000
-3771 7055
-6652 4445
-7961 784
-7391 -3061
-5075 -6184
-1561 -7846
2322 -7656
5657 -5657
7656 -2322
7846 1561
6184 5075
3061 7391
-784 7961
-4445 6652
-7055 3771
-8000 0
-7055 -3771
-4445 -6652
-784 -7961
3061 -7391
6184 -5075
7846 -1561
7656 2322
5657 5657
2322 7656
-1561 7846
-5075 6184
-7391 3061
-7961 -784
-6652 -4445
-3771 -7055
0 -8000
3771 -7055
6652 -4445
7961 -784
7391 3061
5075 6184
1561 7846
-2322 7656
-5657 5657
-7656 2322
-7846 -1561
-6184 -5075
-3061 -7391
784 -7961
4445 -6652
7055 -3771
8000 0
7055 3771
4445 6652
784 7961
-3061 7391
-6184 5075
-7846 1561
-7656 -2322
-5657 -5657
-2322 -7656
1561 -7846
5075 -6184
7391 -3061
7961 784
6652 4445
3771 7055
0 8000
-3771 7055
-6652 4445
-7961 784
-7391 -3061
-5075 -6184
-1561 -7846
2322 -7656
5657 -5657
7656 -2322
7846 1561
6184 5075
3061 7391
-784 7961
-4445 6652
-7055 3771
-8000 0
-7055 -3771
-4445 -6652
-784 -7961
3061 -7391
6184 -5075
7846 -1561
7656 2322
5657 5657
2322 7656
-1561 7846
-5075 6184
-7391 3061
-7961 -784
-6652 -4445
-3771 -7055
0 -8000
3771 -7055
6652 -4445
7961 -784
7391 3061
5075 6184
1561 7846
-2322 7656
-5657 5657
-7656 2322
-7846 -1561
-6184 -5075
-3061 -7391
784 -7961
4445 -6652
7055 -3771
8000 0
7055 3771
4445 6652
784 7961
-3061 7391
-6184 5075
-7846 1561
-7656 -2322
-5657 -5657
-2322 -7656
1561 -7846
5075 -6184
7391 -3061
7961 784
6652 4445
3771 7055
0 8000
-3771 7055
-6652 4445
-7961 784
-7391 -3061
-5075 -6184
-1561 -7846
2322 -7656
5657 -5657
7656 -2322
7846 1561
6184 5075
3061 7391
-784 7961
-4445 6652
-7055 3771
-8000 0
-7055 -3771
-4445 -6652
-784 -7961
3061 -7391
6184 -5075
7846 -1561
7656 2322
5657 5657
2322 7656
-1561 7846
-5075 6184
-7391 3061
-7961 -784
-6652 -4445
-3771 -7055
0 -8000
3771 -7055
6652 -4445
7961 -784
7391 3061
5075 6184
1561 7846
-2322 7656
-5657 5657
-7656 2322
-7846 -1561
-6184 -5075
-3061 -7391
784 -7961
4445 -6652
7055 -3771
8000 0
7055 3771
4445 6652
784 7961
-3061 7391
-6184 5075
-7846 1561
-7656 -2322
-5657 -5657
-2322 -7656
1561 -7846
5075 -6184
7391 -3061
7961 784
6652 4445
3771 7055
0 8000
-3771 7055
-6652 4445
-7961 784
-7391 -3061
-5075 -6184
-1561 -7846
2322 -7656
5657 -5657
7656 -2322
7846 1561
6184 5075
3061 7391
-784 7961
-4445 6652
-7055 3771
-8000 0
-7055 -3771
-4445 -6652
-784 -7961
3061 -7391
6184 -5075
7846 -1561
7656 2322
5657 5657
2322 7656
-1561 7846
-5075 6184
-7391 3061
-7961 -784
-6652 -4445
-3771 -7055
0 -8000
3771 -7055
6652 -4445
7961 -784
7391 3061
5075 6184
1561 7846
-2322 7656
-5657 5657
-7656 2322
-7846 -1561
-6184 -5075
-3061 -7391
784 -7961
4445 -6652
7055 -3771
8000 0
7055 3771
4445 6652
784 7961
-3061 7391
-6184 5075
-7846 1561
-7656 -2322
-5657 -5657
-2322 -7656
1561 -7846
5075 -6184
7391 -3061
7961 784
6652 4445
3771 7055
0 8000
-3771 7055
-6652 4445
-7961 784
-7391 -3061
-5075 -6184
-1561 -7846
2322 -7656
5657 -5657
7656 -2322
7846 1561
6184 5075
3061 7391
-784 7961
-4445 6652
-7055 3771
-8000 0
-7055 -3771
-4445 -6652
-784 -7961
3061 -7391
6184 -5075
7846 -1561
7656 2322
5657 5657
2322 7656
-1561 7846
-5075 6184
-7391 3061
-7961 -784
-6652 -4445
-3771 -7055
0 -8000
3771 -7055
6652 -4445
7961 -784
7391 3061
5075 6184
1561 7846
-2322 7656
-5657 5657
-7656 2322
-7846 -1561
-6184 -5075
-3061 -7391
784 -7961
4445 -6652
7055 -3771
8000 0
7055 3771
4445 6652
784 7961
-3061 7391
-6184 5075
-7846 1561
-7656 -2322
-5657 -5657
-2322 -7656
1561 -7846
5075 -6184
7391 -3061
7961 784
6652 4445
3771 7055
0 8000
-3771 7055
-6652 4445
-7961 784
-7391 -3061
-5075 -6184
-1561 -7846
2322 -7656
5657 -5657
7656 -2322
7846 1561
6184 5075
3061 7391
-784 7961
-4445 6652
-7055 3771
-8000 0
-7055 -3771
-4445 -6652
-784 -7961
3061 -7391
6184 -5075
7846 -1561
7656 2322
5657 5657
2322 7656
-1561 7846
-5075 6184
-7391 3061
-7961 -784
-6652 -4445
-3771 -7055
0 -8000
3771 -7055
6652 -4445
7961 -784
7391 3061
5075 6184
1561 7846
-2322 7656
-5657 5657
-7656 2322
-7846 -1561
-6184 -5075
-3061 -7391
784 -7961
4445 -6652
7055 -3771
8000 0
7055 3771
4445 6652
784 7961
-3061 7391
-6184 5075
-7846 1561
-7656 -2322
-5657 -5657
-2322 -7656
1561 -7846
5075 -6184
7391 -3061
7961 784
6652 4445
3771 7055
0 8000
-3771 7055
-6652 4445
-7961 784
-7391 -3061
-5075 -6184
-1561 -7846
2322 -7656
5657 -5657
7656 -2322
7846 1561
6184 5075
3061 7391
-784 7961
-4445 6652
-7055 3771
-8000 0
-7055 -3771
-4445 -6652
-784 -7961
3061 -7391
6184 -5075
7846 -1561
7656 2322
5657 5657
2322 7656
-1561 7846
-5075 6184
-7391 3061
-7961 -784
-6652 -4445
-3771 -7055
0 -8000
3771 -7055
6652 -4445
7961 -784
7391 3061
5075 6184
1561 7846
-2322 7656
-5657 5657
-7656 2322
-7846 -1561
-6184 -5075
-3061 -7391
784 -7961
4445 -6652
7055 -3771
8000 0
7055 3771
4445 6652
784 7961
-3061 7391
-6184 5075
-7846 1561
-7656 -2322
-5657 -5657
-2322 -7656
1561 -7846
5075 -6184
7391 -3061
7961 784
6652 4445
3771 7055
0 8000
-3771 7055
-6652 4445
-7961 784
-7391 -3061
-5075 -6184
-1561 -7846
2322 -7656
5657 -5657
7656 -2322
7846 1561
6184 5075
3061 7391
-784 7961
-4445 6652
-7055 3771
-8000 0
-7055 -3771
-4445 -6652
-784 -7961
3061 -7391
6184 -5075
7846 -1561
7656 2322
5657 5657
2322 7656
-1561 7846
-5075 6184
-7391 3061
-7961 -784
-6652 -4445
-3771 -7055
0 -8000
3771 -7055
6652 -4445
7961 -784
7391 3061
5075 6184
1561 7846
-2322 7656
-5657 5657
-7656 2322
-7846 -1561
-6184 -5075
-3061 -7391
784 -7961
4445 -6652
7055 -3771
8000 0
7055 3771
4445 6652
784 7961
-3061 7391
-6184 5075
-7846 1561
-7656 -2322
-5657 -5657
-2322 -7656
1561 -7846
5075 -6184
7391 -3061
7961 784
6652 4445
3771 7055
0 8000
-3771 7055
-6652 4445
-7961 784
-7391 -3061
-5075 -6184
-1561 -7846
2322 -7656
5657 -5657
7656 -2322
7846 1561
6184 5075
3061 7391
-784 7961
-4445 6652
-7055 3771
-8000 0
-7055 -3771
-4445 -6652
-784 -7961
3061 -7391
6184 -5075
7846 -1561
7656 2322
5657 5657
2322 7656
-1561 7846
-5075 6184
-7391 3061
-7961 -784
-6652 -4445
-3771 -7055
0 -8000
3771 -7055
6652 -4445
7961 -784
7391 3061
5075 6184
1561 7846
-2322 7656
-5657 5657
-7656 2322
-7846 -1561
-6184 -5075
-3061 -7391
784 -7961
4445 -6652
7055 -3771
8000 0
7055 3771
4445 6652
784 7961
-3061 7391
-6184 5075
-7846 1561
-7656 -2322
-5657 -5657
-2322 -7656
1561 -7846
5075 -6184
7391 -3061
7961 784
6652 4445
3771 7055
0 8000
-3771 7055
-6652 4445
-7961 784
-7391 -3061
-5075 -6184
-1561 -7846
2322 -7656
5657 -5657
7656 -2322
7846 1561
6184 5075
3061 7391
-784 7961
-4445 6652
-7055 3771
-8000 0
-7055 -3771
-4445 -6652
-784 -7961
3061 -7391
6184 -5075
7846 -1561
7656 2322
5657 5657
2322 7656
-1561 7846
-5075 6184
-7391 3061
-7961 -784
-6652 -4445
-3771 -7055
0 -8000
3771 -7055
6652 -4445
7961 -784
7391 3061
5075 6184
1561 7846
-2322 7656
-5657 5657
-7656 2322
-7846 -1561
-6184 -5075
-3061 -7391
784 -7961
4445 -6652
7055 -3771
8000 0
7055 3771
4445 6652
784 7961
-3061 7391
-6184 5075
-7846 1561
-7656 -2322
-5657 -5657
-2322 -7656
1561 -7846
5075 -6184
7391 -3061
7961 784
6652 4445
3771 7055
8000 0
4445 6652
-3061 7391
-7846 1561
-5657 -5657
1561 -7846
7391 -3061
6652 4445
0 8000
-6652 4445
-7391 -3061
-1561 -7846
5657 -5657
7846 1561
3061 7391
-4445 6652
-8000 0
-4445 -6652
3061 -7391
7846 -1561
5657 5657
-1561 7846
-7391 3061
-6652 -4445
0 -8000
6652 -4445
7391 3061
1561 7846
-5657 5657
-7846 -1561
-3061 -7391
4445 -6652
8000 0
4445 6652
-3061 7391
-7846 1561
-5657 -5657
1561 -7846
7391 -3061
6652 4445
0 8000
-6652 4445
-7391 -3061
-1561 -7846
5657 -5657
7846 1561
3061 7391
-4445 6652
-8000 0
-4445 -6652
3061 -7391
7846 -1561
5657 5657
-1561 7846
-7391 3061
-6652 -4445
0 -8000
6652 -4445
7391 3061
1561 7846
-5657 5657
-7846 -1561
-3061 -7391
4445 -6652
8000 0
4445 6652
-3061 7391
-7846 1561
-5657 -5657
1561 -7846
7391 -3061
6652 4445
0 8000
-6652 4445
-7391 -3061
-1561 -7846
5657 -5657
7846 1561
3061 7391
-4445 6652
-8000 0
-4445 -6652
3061 -7391
7846 -1561
5657 5657
-1561 7846
-7391 3061
-6652 -4445
0 -8000
6652 -4445
7391 3061
1561 7846
-5657 5657
-7846 -1561
-3061 -7391
4445 -6652
8000 0
4445 6652
-3061 7391
-7846 1561
-5657 -5657
1561 -7846
7391 -3061
6652 4445
0 8000
-6652 4445
-7391 -3061
-1561 -7846
5657 -5657
7846 1561
3061 7391
-4445 6652
-8000 0
-4445 -6652
3061 -7391
7846 -1561
5657 5657
-1561 7846
-7391 3061
-6652 -4445
0 -8000
6652 -4445
7391 3061
1561 7846
-5657 5657
-7846 -1561
-3061 -7391
4445 -6652
8000 0
4445 6652
-3061 7391
-7846 1561
-5657 -5657
1561 -7846
7391 -3061
6652 4445
0 8000
-6652 4445
-7391 -3061
-1561 -7846
5657 -5657
7846 1561
3061 7391
-4445 6652
-8000 0
-4445 -6652
3061 -7391
7846 -1561
5657 5657
-1561 7846
-7391 3061
-6652 -4445
0 -8000
6652 -4445
7391 3061
1561 7846
-5657 5657
-7846 -1561
-3061 -7391
4445 -6652
8000 0
4445 6652
-3061 7391
-7846 1561
-5657 -5657
1561 -7846
7391 -3061
6652 4445
0 8000
-6652 4445
-7391 -3061
-1561 -7846
5657 -5657
7846 1561
3061 7391
-4445 6652
-8000 0
-4445 -6652
3061 -7391
7846 -1561
5657 5657
-1561 7846
-7391 3061
-6652 -4445
0 -8000
6652 -4445
7391 3061
1561 7846
-5657 5657
-7846 -1561
-3061 -7391
4445 -6652
8000 0
4445 6652
-3061 7391
-7846 1561
-5657 -5657
1561 -7846
7391 -3061
6652 4445
0 8000
-6652 4445
-7391 -3061
-1561 -7846
5657 -5657
7846 1561
3061 7391
-4445 6652
-8000 0
-4445 -6652
3061 -7391
7846 -1561
5657 5657
-1561 7846
-7391 3061
-6652 -4445
0 -8000
6652 -4445
7391 3061
1561 7846
-5657 5657
-7846 -1561
-3061 -7391
4445 -6652
8000 0
4445 6652
-3061 7391
-7846 1561
-5657 -5657
1561 -7846
7391 -3061
6652 4445
0 8000
-6652 4445
-7391 -3061
-1561 -7846
5657 -5657
7846 1561
3061 7391
-4445 6652
-8000 0
-4445 -6652
3061 -7391
7846 -1561
5657 5657
-1561 7846
-7391 3061
-6652 -4445
0 -8000
6652 -4445
7391 3061
1561 7846
-5657 5657
-7846 -1561
-3061 -7391
4445 -6652
8000 0
4445 6652
-3061 7391
-7846 1561
-5657 -5657
1561 -7846
7391 -3061
6652 4445
0 8000
-6652 4445
-7391 -3061
-1561 -7846
5657 -5657
7846 1561
3061 7391
-4445 6652
-8000 0
-4445 -6652
3061 -7391
7846 -1561
5657 5657
-1561 7846
-7391 3061
-6652 -4445
0 -8000
6652 -4445
7391 3061
1561 7846
-5657 5657
-7846 -1561
-3061 -7391
4445 -6652
8000 0
4445 6652
-3061 7391
-7846 1561
-5657 -5657
1561 -7846
7391 -3061
6652 4445
0 8000
-6652 4445
-7391 -3061
-1561 -7846
5657 -5657
7846 1561
3061 7391
-4445 6652
-8000 0
-4445 -6652
3061 -7391
7846 -1561
5657 5657
-1561 7846
-7391 3061
-6652 -4445
0 -8000
6652 -4445
7391 3061
1561 7846
-5657 5657
-7846 -1561
-3061 -7391
4445 -6652
8000 0
4445 6652
-3061 7391
-7846 1561
-5657 -5657
1561 -7846
7391 -3061
6652 4445
0 8000
-6652 4445
-7391 -3061
-1561 -7846
5657 -5657
7846 1561
3061 7391
-4445 6652
-8000 0
-4445 -6652
3061 -7391
7846 -1561
5657 5657
-1561 7846
-7391 3061
-6652 -4445
0 -8000
6652 -4445
7391 3061
1561 7846
-5657 5657
-7846 -1561
-3061 -7391
4445 -6652
8000 0
4445 6652
-3061 7391
-7846 1561
-5657 -5657
1561 -7846
7391 -3061
6652 4445
0 8000
-6652 4445
-7391 -3061
-1561 -7846
5657 -5657
7846 1561
3061 7391
-4445 6652
-8000 0
-4445 -6652
3061 -7391
7846 -1561
5657 5657
-1561 7846
-7391 3061
-6652 -4445
0 -8000
6652 -4445
7391 3061
1561 7846
-5657 5657
-7846 -1561
-3061 -7391
4445 -6652
8000 0
4445 6652
-3061 7391
-7846 1561
-5657 -5657
1561 -7846
7391 -3061
6652 4445
0 8000
-6652 4445
-7391 -3061
-1561 -7846
5657 -5657
7846 1561
3061 7391
-4445 6652
-8000 0
-4445 -6652
3061 -7391
7846 -1561
5657 5657
-1561 7846
-7391 3061
-6652 -4445
0 -8000
6652 -4445
7391 3061
1561 7846
-5657 5657
-7846 -1561
-3061 -7391
4445 -6652
8000 0
4445 6652
-3061 7391
-7846 1561
-5657 -5657
1561 -7846
7391 -3061
6652 4445
0 8000
-6652 4445
-7391 -3061
-1561 -7846
5657 -5657
7846 1561
3061 7391
-4445 6652
-8000 0
-4445 -6652
3061 -7391
7846 -1561
5657 5657
-1561 7846
-7391 3061
-6652 -4445
0 -8000
6652 -4445
7391 3061
1561 7846
-5657 5657
-7846 -1561
-3061 -7391
4445 -6652
8000 0
4445 6652
-3061 7391
-7846 1561
-5657 -5657
1561 -7846
7391 -3061
6652 4445
0 8000
-6652 4445
-7391 -3061
-1561 -7846
5657 -5657
7846 1561
3061 7391
-4445 6652
-8000 0
-4445 -6652
3061 -7391
7846 -1561
5657 5657
-1561 7846
-7391 3061
-6652 -4445
0 -8000
6652 -4445
7391 3061
1561 7846
-5657 5657
-7846 -1561
-3061 -7391
4445 -6652
8000 0
4445 6652
-3061 7391
-7846 1561
-5657 -5657
1561 -7846
7391 -3061
6652 4445
0 8000
-6652 4445
-7391 -3061
-1561 -7846
5657 -5657
7846 1561
3061 7391
-4445 6652
-8000 0
-4445 -6652
3061 -7391
7846 -1561
5657 5657
-1561 7846
-7391 3061
-6652 -4445
0 -8000
6652 -4445
7391 3061
1561 7846
-5657 5657
-7846 -1561
-3061 -7391
4445 -6652
8000 0
4445 6652
-3061 7391
-7846 1561
-5657 -5657
1561 -7846
7391 -3061
6652 4445
0 8000
-6652 4445
-7391 -3061
-1561 -7846
5657 -5657
7846 1561
3061 7391
-4445 6652
-8000 0
-4445 -6652
3061 -7391
7846 -1561
5657 5657
-1561 7846
-7391 3061
-6652 -4445
0 -8000
6652 -4445
7391 3061
1561 7846
-5657 5657
-7846 -1561
-3061 -7391
4445 -6652
8000 0
4445 6652
-3061 7391
-7846 1561
-5657 -5657
1561 -7846
7391 -3061
6652 4445
0 8000
-6652 4445
-7391 -3061
-1561 -7846
5657 -5657
7846 1561
3061 7391
-4445 6652
-8000 0
-4445 -6652
3061 -7391
7846 -1561
5657 5657
-1561 7846
-7391 3061
-6652 -4445
0 -8000
6652 -4445
7391 3061
1561 7846
-5657 5657
-7846 -1561
-3061 -7391
4445 -6652
8000 0
4445 6652
-3061 7391
-7846 1561
-5657 -5657
1561 -7846
7391 -3061
6652 4445
0 8000
-6652 4445
-7391 -3061
-1561 -7846
5657 -5657
7846 1561
3061 7391
-4445 6652
-8000 0
-4445 -6652
3061 -7391
7846 -1561
5657 5657
-1561 7846
-7391 3061
-6652 -4445
0 -8000
6652 -4445
7391 3061
1561 7846
-5657 5657
-7846 -1561
-3061 -7391
4445 -6652
8000 0
4445 6652
-3061 7391
-7846 1561
-5657 -5657
1561 -7846
7391 -3061
6652 4445
0 8000
-6652 4445
-7391 -3061
-1561 -7846
5657 -5657
7846 1561
3061 7391
-4445 6652
-8000 0
-4445 -6652
3061 -7391
7846 -1561
5657 5657
-1561 7846
-7391 3061
-6652 -4445
0 -8000
6652 -4445
7391 3061
1561 7846
-5657 5657
-7846 -1561
-3061 -7391
4445 -6652
8000 0
4445 6652
-3061 7391
-7846 1561
-5657 -5657
1561 -7846
7391 -3061
6652 4445
0 8000
-6652 4445
-7391 -3061
-1561 -7846
5657 -5657
7846 1561
3061 7391
-4445 6652
-8000 0
-4445 -6652
3061 -7391
7846 -1561
5657 5657
-1561 7846
-7391 3061
-6652 -4445
0 -8000
6652 -4445
7391 3061
1561 7846
-5657 5657
-7846 -1561
-3061 -7391
4445 -6652
8000 0
4445 6652
-3061 7391
-7846 1561
-5657 -5657
1561 -7846
7391 -3061
6652 4445
0 8000
-6652 4445
-7391 -3061
-1561 -7846
5657 -5657
7846 1561
3061 7391
-4445 6652
-8000 0
-4445 -6652
3061 -7391
7846 -1561
5657 5657
-1561 7846
-7391 3061
-6652 -4445
0 -8000
6652 -4445
7391 3061
1561 7846
-5657 5657
-7846 -1561
-3061 -7391
4445 -6652
8000 0
4445 6652
-3061 7391
-7846 1561
-5657 -5657
1561 -7846
7391 -3061
6652 4445
0 8000
-6652 4445
-7391 -3061
-1561 -7846
5657 -5657
7846 1561
3061 7391
-4445 6652
8000 0
0 8000
-8000 0
0 -8000
8000 0
0 8000
-8000 0
0 -8000
8000 0
0 8000
-8000 0
0 -8000
8000 0
0 8000
-8000 0
0 -8000
8000 0
0 8000
-8000 0
0 -8000
8000 0
0 8000
-8000 0
0 -8000
8000 0
0 8000
-8000 0
0 -8000
8000 0
0 8000
-8000 0
0 -8000
8000 0
0 8000
-8000 0
0 -8000
8000 0
0 8000
-8000 0
0 -8000
8000 0
0 8000
-8000 0
0 -8000
8000 0
0 8000
-8000 0
0 -8000
8000 0
0 8000
-8000 0
0 -8000
8000 0
0 8000
-8000 0
0 -8000
8000 0
0 8000
-8000 0
0 -8000
8000 0
0 8000
-8000 0
0 -8000
8000 0
0 8000
-8000 0
0 -8000
8000 0
0 8000
-8000 0
0 -8000
8000 0
0 8000
-8000 0
0 -8000
8000 0
0 8000
-8000 0
0 -8000
8000 0
0 8000
-8000 0
0 -8000
8000 0
0 8000
-8000 0
0 -8000
8000 0
0 8000
-8000 0
0 -8000
8000 0
0 8000
-8000 0
0 -8000
8000 0
0 8000
-8000 0
0 -8000
8000 0
0 8000
-8000 0
0 -8000
8000 0
0 8000
-8000 0
0 -8000
8000 0
0 8000
-8000 0
0 -8000
8000 0
0 8000
-8000 0
0 -8000
8000 0
0 8000
-8000 0
0 -8000
8000 0
0 8000
-8000 0
0 -8000
8000 0
0 8000
-8000 0
0 -8000
8000 0
0 8000
-8000 0
0 -8000
8000 0
0 8000
-8000 0
0 -8000
8000 0
0 8000
-8000 0
0 -8000
8000 0
0 8000
-8000 0
0 -8000
8000 0
0 8000
-8000 0
0 -8000
8000 0
0 8000
-8000 0
0 -8000
8000 0
0 8000
-8000 0
0 -8000
8000 0
0 8000
-8000 0
0 -8000
8000 0
0 8000
-8000 0
0 -8000
8000 0
0 8000
-8000 0
0 -8000
8000 0
0 8000
-8000 0
0 -8000
8000 0
0 8000
-8000 0
0 -8000
8000 0
0 8000
-8000 0
0 -8000
8000 0
0 8000
-8000 0
0 -8000
8000 0
0 8000
-8000 0
0 -8000
8000 0
0 8000
-8000 0
0 -8000
8000 0
0 8000
-8000 0
0 -8000
8000 0
0 8000
-8000 0
0 -8000
8000 0
0 8000
-8000 0
0 -8000
8000 0
0 8000
-8000 0
0 -8000
8000 0
0 8000
-8000 0
0 -8000
8000 0
0 8000
-8000 0
0 -8000
8000 0
0 8000
-8000 0
0 -8000
8000 0
0 8000
-8000 0
0 -8000
8000 0
0 8000
-8000 0
0 -8000
8000 0
0 8000
-8000 0
0 -8000
8000 0
0 8000
-8000 0
0 -8000
8000 0
0 8000
-8000 0
0 -8000
8000 0
0 8000
-8000 0
0 -8000
8000 0
0 8000
-8000 0
0 -8000
8000 0
0 8000
-8000 0
0 -8000
8000 0
0 8000
-8000 0
0 -8000
8000 0
0 8000
-8000 0
0 -8000
8000 0
0 8000
-8000 0
0 -8000
8000 0
0 8000
-8000 0
0 -8000
8000 0
0 8000
-8000 0
0 -8000
8000 0
0 8000
-8000 0
0 -8000
8000 0
0 8000
-8000 0
0 -8000
8000 0
0 8000
-8000 0
0 -8000
8000 0
0 8000
-8000 0
0 -8000
8000 0
0 8000
-8000 0
0 -8000
8000 0
0 8000
-8000 0
0 -8000
8000 0
0 8000
-8000 0
0 -8000
8000 0
0 8000
-8000 0
0 -8000
8000 0
0 8000
-8000 0
0 -8000
8000 0
0 8000
-8000 0
0 -8000
8000 0
0 8000
-8000 0
0 -8000
8000 0
0 8000
-8000 0
0 -8000
8000 0
0 8000
-8000 0
0 -8000
8000 0
0 8000
-8000 0
0 -8000
8000 0
0 8000
-8000 0
0 -8000
8000 0
0 8000
-8000 0
0 -8000
8000 0
0 8000
-8000 0
0 -8000
8000 0
0 8000
-8000 0
0 -8000
8000 0
0 8000
-8000 0
0 -8000
8000 0
0 8000
-8000 0
0 -8000
8000 0
0 8000
-8000 0
0 -8000
8000 0
0 8000
-8000 0
0 -8000
8000 0
0 8000
-8000 0
0 -8000
8000 0
0 8000
-8000 0
0 -8000
8000 0
0 8000
-8000 0
0 -8000
8000 0
0 8000
-8000 0
0 -8000
8000 0
0 8000
-8000 0
0 -8000
8000 0
0 8000
-8000 0
0 -8000
8000 0
0 8000
-8000 0
0 -8000
8000 0
0 8000
-8000 0
0 -8000
8000 0
0 8000
-8000 0
0 -8000
8000 0
0 8000
-8000 0
0 -8000
8000 0
0 8000
-8000 0
0 -8000
8000 0
0 8000
-8000 0
0 -8000
8000 0
0 8000
-8000 0
0 -8000
8000 0
0 8000
-8000 0
0 -8000
8000 0
0 8000
-8000 0
0 -8000
8000 0
0 8000
-8000 0
0 -8000
8000 0
0 8000
-8000 0
0 -8000
8000 0
0 8000
-8000 0
0 -8000
8000 0
0 8000
-8000 0
0 -8000
8000 0
0 8000
-8000 0
0 -8000
8000 0
0 8000
-8000 0
0 -8000
8000 0
0 8000
-8000 0
0 -8000
8000 0
0 8000
-8000 0
0 -8000
8000 0
0 8000
-8000 0
0 -8000
8000 0
0 8000
-8000 0
0 -8000
8000 0
0 8000
-8000 0
0 -8000
8000 0
0 8000
-8000 0
0 -8000
8000 0
0 8000
-8000 0
0 -8000
8000 0
0 8000
-8000 0
0 -8000
8000 0
0 8000
-8000 0
0 -8000
8000 0
0 8000
-8000 0
0 -8000
8000 0
0 8000
-8000 0
0 -8000
8000 0
0 8000
-8000 0
0 -8000
8000 0
0 8000
-8000 0
0 -8000
8000 0
0 8000
-8000 0
0 -8000
8000 0
0 8000
-8000 0
0 -8000
8000 0
0 8000
-8000 0
0 -8000
8000 0
0 8000
-8000 0
0 -8000
8000 0
0 8000
-8000 0
0 -8000
8000 0
0 8000
-8000 0
0 -8000
8000 0
0 8000
-8000 0
0 -8000
8000 0
0 8000
-8000 0
0 -8000
8000 0
0 8000
-8000 0
0 -8000
8000 0
0 8000
-8000 0
0 -8000
8000 0
0 8000
-8000 0
0 -8000
8000 0
0 8000
-8000 0
0 -8000
8000 0
0 8000
-8000 0
0 -8000
8000 0
0 8000
-8000 0
0 -8000
8000 0
0 8000
-8000 0
0 -8000
8000 0
0 8000
-8000 0
0 -8000
8000 0
0 8000
-8000 0
0 -8000
8000 0
0 8000
-8000 0
0 -8000
8000 0
0 8000
-8000 0
0 -8000
8000 0
0 8000
-8000 0
0 -8000
8000 0
0 8000
-8000 0
0 -8000
8000 0
0 8000
-8000 0
0 -8000
8000 0
0 8000
-8000 0
0 -8000
8000 0
0 8000
-8000 0
0 -8000
8000 0
0 8000
-8000 0
0 -8000
8000 0
0 8000
-8000 0
0 -8000
8000 0
0 8000
-8000 0
0 -8000
8000 0
0 8000
-8000 0
0 -8000
8000 0
0 8000
-8000 0
0 -8000
8000 0
0 8000
-8000 0
0 -8000
8000 0
0 8000
-8000 0
0 -8000
8000 0
0 8000
-8000 0
0 -8000
8000 0
0 8000
-8000 0
0 -8000
8000 0
0 8000
-8000 0
0 -8000
8000 0
0 8000
-8000 0
0 -8000
8000 0
0 8000
-8000 0
0 -8000
8000 0
0 8000
-8000 0
0 -8000
8000 0
0 8000
-8000 0
0 -8000
8000 0
0 8000
-8000 0
0 -8000
8000 0
0 8000
-8000 0
0 -8000
8000 0
0 8000
-8000 0
0 -8000
8000 0
0 8000
-8000 0
0 -8000
8000 0
0 8000
-8000 0
0 -8000
8000 0
0 8000
-8000 0
0 -8000
8000 0
0 8000
-8000 0
0 -8000
8000 0
0 8000
-8000 0
0 -8000
8000 0
0 8000
-8000 0
0 -8000
8000 0
0 8000
-8000 0
0 -8000
8000 0
0 8000
-8000 0
0 -8000
8000 0
0 8000
-8000 0
0 -8000
8000 0
0 8000
-8000 0
0 -8000
8000 0
0 8000
-8000 0
0 -8000
8000 0
0 8000
-8000 0
0 -8000
8000 0
0 8000
-8000 0
0 -8000
8000 0
0 8000
-8000 0
0 -8000
8000 0
0 8000
-8000 0
0 -8000
8000 0
-7961 784
7846 -1561
-7656 2322
7391 -3061
-7055 3771
6652 -4445
-6184 5075
5657 -5657
-5075 6184
4445 -6652
-3771 7055
3061 -7391
-2322 7656
1561 -7846
-784 7961
0 -8000
784 7961
-1561 -7846
2322 7656
-3061 -7391
3771 7055
-4445 -6652
5075 6184
-5657 -5657
6184 5075
-6652 -4445
7055 3771
-7391 -3061
7656 2322
-7846 -1561
7961 784
-8000 0
7961 -784
-7846 1561
7656 -2322
-7391 3061
7055 -3771
-6652 4445
6184 -5075
-5657 5657
5075 -6184
-4445 6652
3771 -7055
-3061 7391
2322 -7656
-1561 7846
784 -7961
0 8000
-784 -7961
1561 7846
-2322 -7656
3061 7391
-3771 -7055
4445 6652
-5075 -6184
5657 5657
-6184 -5075
6652 4445
-7055 -3771
7391 3061
-7656 -2322
7846 1561
-7961 -784
8000 0
-7961 784
7846 -1561
-7656 2322
7391 -3061
-7055 3771
6652 -4445
-6184 5075
5657 -5657
-5075 6184
4445 -6652
-3771 7055
3061 -7391
-2322 7656
1561 -7846
-784 7961
0 -8000
784 7961
-1561 -7846
2322 7656
-3061 -7391
3771 7055
-4445 -6652
5075 6184
-5657 -5657
6184 5075
-6652 -4445
7055 3771
-7391 -3061
7656 2322
-7846 -1561
7961 784
-8000 0
7961 -784
-7846 1561
7656 -2322
-7391 3061
7055 -3771
-6652 4445
6184 -5075
-5657 5657
5075 -6184
-4445 6652
3771 -7055
-3061 7391
2322 -7656
-1561 7846
784 -7961
0 8000
-784 -7961
1561 7846
-2322 -7656
3061 7391
-3771 -7055
4445 6652
-5075 -6184
5657 5657
-6184 -5075
6652 4445
-7055 -3771
7391 3061
-7656 -2322
7846 1561
-7961 -784
8000 0
-7961 784
7846 -1561
-7656 2322
7391 -3061
-7055 3771
6652 -4445
-6184 5075
5657 -5657
-5075 6184
4445 -6652
-3771 7055
3061 -7391
-2322 7656
1561 -7846
-784 7961
0 -8000
784 7961
-1561 -7846
2322 7656
-3061 -7391
3771 7055
-4445 -6652
5075 6184
-5657 -5657
6184 5075
-6652 -4445
7055 3771
-7391 -3061
7656 2322
-7846 -1561
7961 784
-8000 0
7961 -784
-7846 1561
7656 -2322
-7391 3061
7055 -3771
-6652 4445
6184 -5075
-5657 5657
5075 -6184
-4445 6652
3771 -7055
-3061 7391
2322 -7656
-1561 7846
784 -7961
0 8000
-784 -7961
1561 7846
-2322 -7656
3061 7391
-3771 -7055
4445 6652
-5075 -6184
5657 5657
-6184 -5075
6652 4445
-7055 -3771
7391 3061
-7656 -2322
7846 1561
-7961 -784
8000 0
-7961 784
7846 -1561
-7656 2322
7391 -3061
-7055 3771
6652 -4445
-6184 5075
5657 -5657
-5075 6184
4445 -6652
-3771 7055
3061 -7391
-2322 7656
1561 -7846
-784 7961
0 -8000
784 7961
-1561 -7846
2322 7656
-3061 -7391
3771 7055
-4445 -6652
5075 6184
-5657 -5657
6184 5075
-6652 -4445
7055 3771
-7391 -3061
7656 2322
-7846 -1561
7961 784
-8000 0
7961 -784
-7846 1561
7656 -2322
-7391 3061
7055 -3771
-6652 4445
6184 -5075
-5657 5657
5075 -6184
-4445 6652
3771 -7055
-3061 7391
2322 -7656
-1561 7846
784 -7961
0 8000
-784 -7961
1561 7846
-2322 -7656
3061 7391
-3771 -7055
4445 6652
-5075 -6184
5657 5657
-6184 -5075
6652 4445
-7055 -3771
7391 3061
-7656 -2322
7846 1561
-7961 -784
8000 0
-7961 784
7846 -1561
-7656 2322
7391 -3061
-7055 3771
6652 -4445
-6184 5075
5657 -5657
-5075 6184
4445 -6652
-3771 7055
3061 -7391
-2322 7656
1561 -7846
-784 7961
0 -8000
784 7961
-1561 -7846
2322 7656
-3061 -7391
3771 7055
-4445 -6652
5075 6184
-5657 -5657
6184 5075
-6652 -4445
7055 3771
-7391 -3061
7656 2322
-7846 -1561
7961 784
-8000 0
7961 -784
-7846 1561
7656 -2322
-7391 3061
7055 -3771
-6652 4445
6184 -5075
-5657 5657
5075 -6184
-4445 6652
3771 -7055
-3061 7391
2322 -7656
-1561 7846
784 -7961
0 8000
-784 -7961
1561 7846
-2322 -7656
3061 7391
-3771 -7055
4445 6652
-5075 -6184
5657 5657
-6184 -5075
6652 4445
-7055 -3771
7391 3061
-7656 -2322
7846 1561
-7961 -784
8000 0
-7961 784
7846 -1561
-7656 2322
7391 -3061
-7055 3771
6652 -4445
-6184 5075
5657 -5657
-5075 6184
4445 -6652
-3771 7055
3061 -7391
-2322 7656
1561 -7846
-784 7961
0 -8000
784 7961
-1561 -7846
2322 7656
-3061 -7391
3771 7055
-4445 -6652
5075 6184
-5657 -5657
6184 5075
-6652 -4445
7055 3771
-7391 -3061
7656 2322
-7846 -1561
7961 784
-8000 0
7961 -784
-7846 1561
7656 -2322
-7391 3061
7055 -3771
-6652 4445
6184 -5075
-5657 5657
5075 -6184
-4445 6652
3771 -7055
-3061 7391
2322 -7656
-1561 7846
784 -7961
0 8000
-784 -7961
1561 7846
-2322 -7656
3061 7391
-3771 -7055
4445 6652
-5075 -6184
5657 5657
-6184 -5075
6652 4445
-7055 -3771
7391 3061
-7656 -2322
7846 1561
-7961 -784
8000 0
-7961 784
7846 -1561
-7656 2322
7391 -3061
-7055 3771
6652 -4445
-6184 5075
5657 -5657
-5075 6184
4445 -6652
-3771 7055
3061 -7391
-2322 7656
1561 -7846
-784 7961
0 -8000
784 7961
-1561 -7846
2322 7656
-3061 -7391
3771 7055
-4445 -6652
5075 6184
-5657 -5657
6184 5075
-6652 -4445
7055 3771
-7391 -3061
7656 2322
-7846 -1561
7961 784
-8000 0
7961 -784
-7846 1561
7656 -2322
-7391 3061
7055 -3771
-6652 4445
6184 -5075
-5657 5657
5075 -6184
-4445 6652
3771 -7055
-3061 7391
2322 -7656
-1561 7846
784 -7961
0 8000
-784 -7961
1561 7846
-2322 -7656
3061 7391
-3771 -7055
4445 6652
-5075 -6184
5657 5657
-6184 -5075
6652 4445
-7055 -3771
7391 3061
-7656 -2322
7846 1561
-7961 -784
8000 0
-7961 784
7846 -1561
-7656 2322
7391 -3061
-7055 3771
6652 -4445
-6184 5075
5657 -5657
-5075 6184
4445 -6652
-3771 7055
3061 -7391
-2322 7656
1561 -7846
-784 7961
0 -8000
784 7961
-1561 -7846
2322 7656
-3061 -7391
3771 7055
-4445 -6652
5075 6184
-5657 -5657
6184 5075
-6652 -4445
7055 3771
-7391 -3061
7656 2322
-7846 -1561
7961 784
-8000 0
7961 -784
-7846 1561
7656 -2322
-7391 3061
7055 -3771
-6652 4445
6184 -5075
-5657 5657
5075 -6184
-4445 6652
3771 -7055
-3061 7391
2322 -7656
-1561 7846
784 -7961
0 8000
-784 -7961
1561 7846
-2322 -7656
3061 7391
-3771 -7055
4445 6652
-5075 -6184
5657 5657
-6184 -5075
6652 4445
-7055 -3771
7391 3061
-7656 -2322
7846 1561
-7961 -784
8000 0
-7961 784
7846 -1561
-7656 2322
7391 -3061
-7055 3771
6652 -4445
-6184 5075
5657 -5657
-5075 6184
4445 -6652
-3771 7055
3061 -7391
-2322 7656
1561 -7846
-784 7961
0 -8000
784 7961
-1561 -7846
2322 7656
-3061 -7391
3771 7055
-4445 -6652
5075 6184
-5657 -5657
6184 5075
-6652 -4445
7055 3771
-7391 -3061
7656 2322
-7846 -1561
7961 784
-8000 0
7961 -784
-7846 1561
7656 -2322
-7391 3061
7055 -3771
-6652 4445
6184 -5075
-5657 5657
5075 -6184
-4445 6652
3771 -7055
-3061 7391
2322 -7656
-1561 7846
784 -7961
0 8000
-784 -7961
1561 7846
-2322 -7656
3061 7391
-3771 -7055
4445 6652
-5075 -6184
5657 5657
-6184 -5075
6652 4445
-7055 -3771
7391 3061
-7656 -2322
7846 1561
-7961 -784
8000 0
-7961 784
7846 -1561
-7656 2322
7391 -3061
-7055 3771
6652 -4445
-6184 5075
5657 -5657
-5075 6184
4445 -6652
-3771 7055
3061 -7391
-2322 7656
1561 -7846
-784 7961
0 -8000
784 7961
-1561 -7846
2322 7656
-3061 -7391
3771 7055
-4445 -6652
5075 6184
-5657 -5657
6184 5075
-6652 -4445
7055 3771
-7391 -3061
7656 2322
-7846 -1561
7961 784
-8000 0
7961 -784
-7846 1561
7656 -2322
-7391 3061
7055 -3771
-6652 4445
6184 -5075
-5657 5657
5075 -6184
-4445 6652
3771 -7055
-3061 7391
2322 -7656
-1561 7846
784 -7961
0 8000
-784 -7961
1561 7846
-2322 -7656
3061 7391
-3771 -7055
4445 6652
-5075 -6184
5657 5657
-6184 -5075
6652 4445
-7055 -3771
7391 3061
-7656 -2322
7846 1561
-7961 -784
8000 0
-7961 784
7846 -1561
-7656 2322
7391 -3061
-7055 3771
6652 -4445
-6184 5075
5657 -5657
-5075 6184
4445 -6652
-3771 7055
3061 -7391
-2322 7656
1561 -7846
-784 7961
0 -8000
784 7961
-1561 -7846
2322 7656
-3061 -7391
3771 7055
-4445 -6652
5075 6184
-5657 -5657
6184 5075
-6652 -4445
7055 3771
-7391 -3061
7656 2322
-7846 -1561
7961 784
-8000 0
7961 -784
-7846 1561
7656 -2322
-7391 3061
7055 -3771
-6652 4445
6184 -5075
-5657 5657
5075 -6184
-4445 6652
3771 -7055
-3061 7391
2322 -7656
-1561 7846
784 -7961
0 8000
-784 -7961
1561 7846
-2322 -7656
3061 7391
-3771 -7055
4445 6652
-5075 -6184
5657 5657
-6184 -5075
6652 4445
-7055 -3771
7391 3061
-7656 -2322
7846 1561
-7961 -784
8000 0
-7961 784
7846 -1561
-7656 2322
7391 -3061
-7055 3771
6652 -4445
-6184 5075
5657 -5657
-5075 6184
4445 -6652
-3771 7055
3061 -7391
-2322 7656
1561 -7846
-784 7961
8000 0
-8000 0
8000 0
-8000 0
8000 0
-8000 0
8000 0
-8000 0
8000 0
-8000 0
8000 0
-8000 0
8000 0
-8000 0
8000 0
-8000 0
8000 0
-8000 0
8000 0
-8000 0
8000 0
-8000 0
8000 0
-8000 0
8000 0
-8000 0
8000 0
-8000 0
8000 0
-8000 0
8000 0
-8000 0
8000 0
-8000 0
8000 0
-8000 0
8000 0
-8000 0
8000 0
-8000 0
8000 0
-8000 0
8000 0
-8000 0
8000 0
-8000 0
8000 0
-8000 0
8000 0
-8000 0
8000 0
-8000 0
8000 0
-8000 0
8000 0
-8000 0
8000 0
-8000 0
8000 0
-8000 0
8000 0
-8000 0
8000 0
-8000 0
8000 0
-8000 0
8000 0
-8000 0
8000 0
-8000 0
8000 0
-8000 0
8000 0
-8000 0
8000 0
-8000 0
8000 0
-8000 0
8000 0
-8000 0
8000 0
-8000 0
8000 0
-8000 0
8000 0
-8000 0
8000 0
-8000 0
8000 0
-8000 0
8000 0
-8000 0
8000 0
-8000 0
8000 0
-8000 0
8000 0
-8000 0
8000 0
-8000 0
8000 0
-8000 0
8000 0
-8000 0
8000 0
-8000 0
8000 0
-8000 0
8000 0
-8000 0
8000 0
-8000 0
8000 0
-8000 0
8000 0
-8000 0
8000 0
-8000 0
8000 0
-8000 0
8000 0
-8000 0
8000 0
-8000 0
8000 0
-8000 0
8000 0
-8000 0
8000 0
-8000 0
8000 0
-8000 0
8000 0
-8000 0
8000 0
-8000 0
8000 0
-8000 0
8000 0
-8000 0
8000 0
-8000 0
8000 0
-8000 0
8000 0
-8000 0
8000 0
-8000 0
8000 0
-8000 0
8000 0
-8000 0
8000 0
-8000 0
8000 0
-8000 0
8000 0
-8000 0
8000 0
-8000 0
8000 0
-8000 0
8000 0
-8000 0
8000 0
-8000 0
8000 0
-8000 0
8000 0
-8000 0
8000 0
-8000 0
8000 0
-8000 0
8000 0
-8000 0
8000 0
-8000 0
8000 0
-8000 0
8000 0
-8000 0
8000 0
-8000 0
8000 0
-8000 0
8000 0
-8000 0
8000 0
-8000 0
8000 0
-8000 0
8000 0
-8000 0
8000 0
-8000 0
8000 0
-8000 0
8000 0
-8000 0
8000 0
-8000 0
8000 0
-8000 0
8000 0
-8000 0
8000 0
-8000 0
8000 0
-8000 0
8000 0
-8000 0
8000 0
-8000 0
8000 0
-8000 0
8000 0
-8000 0
8000 0
-8000 0
8000 0
-8000 0
8000 0
-8000 0
8000 0
-8000 0
8000 0
-8000 0
8000 0
-8000 0
8000 0
-8000 0
8000 0
-8000 0
8000 0
-8000 0
8000 0
-8000 0
8000 0
-8000 0
8000 0
-8000 0
8000 0
-8000 0
8000 0
-8000 0
8000 0
-8000 0
8000 0
-8000 0
8000 0
-8000 0
8000 0
-8000 0
8000 0
-8000 0
8000 0
-8000 0
8000 0
-8000 0
8000 0
-8000 0
8000 0
-8000 0
8000 0
-8000 0
8000 0
-8000 0
8000 0
-8000 0
8000 0
-8000 0
8000 0
-8000 0
8000 0
-8000 0
8000 0
-8000 0
8000 0
-8000 0
8000 0
-8000 0
8000 0
-8000 0
8000 0
-8000 0
8000 0
-8000 0
8000 0
-8000 0
8000 0
-8000 0
8000 0
-8000 0
8000 0
-8000 0
8000 0
-8000 0
8000 0
-8000 0
8000 0
-8000 0
8000 0
-8000 0
8000 0
-8000 0
8000 0
-8000 0
8000 0
-8000 0
8000 0
-8000 0
8000 0
-8000 0
8000 0
-8000 0
8000 0
-8000 0
8000 0
-8000 0
8000 0
-8000 0
8000 0
-8000 0
8000 0
-8000 0
8000 0
-8000 0
8000 0
-8000 0
8000 0
-8000 0
8000 0
-8000 0
8000 0
-8000 0
8000 0
-8000 0
8000 0
-8000 0
8000 0
-8000 0
8000 0
-8000 0
8000 0
-8000 0
8000 0
-8000 0
8000 0
-8000 0
8000 0
-8000 0
8000 0
-8000 0
8000 0
-8000 0
8000 0
-8000 0
8000 0
-8000 0
8000 0
-8000 0
8000 0
-8000 0
8000 0
-8000 0
8000 0
-8000 0
8000 0
-8000 0
8000 0
-8000 0
8000 0
-8000 0
8000 0
-8000 0
8000 0
-8000 0
8000 0
-8000 0
8000 0
-8000 0
8000 0
-8000 0
8000 0
-8000 0
8000 0
-8000 0
8000 0
-8000 0
8000 0
-8000 0
8000 0
-8000 0
8000 0
-8000 0
8000 0
-8000 0
8000 0
-8000 0
8000 0
-8000 0
8000 0
-8000 0
8000 0
-8000 0
8000 0
-8000 0
8000 0
-8000 0
8000 0
-8000 0
8000 0
-8000 0
8000 0
-8000 0
8000 0
-8000 0
8000 0
-8000 0
8000 0
-8000 0
8000 0
-8000 0
8000 0
-8000 0
8000 0
-8000 0
8000 0
-8000 0
8000 0
-8000 0
8000 0
-8000 0
8000 0
-8000 0
8000 0
-8000 0
8000 0
-8000 0
8000 0
-8000 0
8000 0
-8000 0
8000 0
-8000 0
8000 0
-8000 0
8000 0
-8000 0
8000 0
-8000 0
8000 0
-8000 0
8000 0
-8000 0
8000 0
-8000 0
8000 0
-8000 0
8000 0
-8000 0
8000 0
-8000 0
8000 0
-8000 0
8000 0
-8000 0
8000 0
-8000 0
8000 0
-8000 0
8000 0
-8000 0
8000 0
-8000 0
8000 0
-8000 0
8000 0
-8000 0
8000 0
-8000 0
8000 0
-8000 0
8000 0
-8000 0
8000 0
-8000 0
8000 0
-8000 0
8000 0
-8000 0
8000 0
-8000 0
8000 0
-8000 0
8000 0
-8000 0
8000 0
-8000 0
8000 0
-8000 0
8000 0
-8000 0
8000 0
-8000 0
8000 0
-8000 0
8000 0
-8000 0
8000 0
-8000 0
8000 0
-8000 0
8000 0
-8000 0
8000 0
-8000 0
8000 0
-8000 0
8000 0
-8000 0
8000 0
-8000 0
8000 0
-8000 0
8000 0
-8000 0
8000 0
-8000 0
8000 0
-8000 0
8000 0
-8000 0
8000 0
-8000 0
8000 0
-8000 0
8000 0
-8000 0
8000 0
-8000 0
8000 0
-8000 0
8000 0
-8000 0
8000 0
-8000 0
8000 0
-8000 0
8000 0
-8000 0
8000 0
-8000 0
8000 0
-8000 0
8000 0
-8000 0
8000 0
-8000 0
8000 0
-8000 0
8000 0
-8000 0
8000 0
-8000 0
8000 0
-8000 0
8000 0
-8000 0
8000 0
-8000 0
8000 0
-8000 0
8000 0
-8000 0
8000 0
-8000 0
8000 0
-8000 0
8000 0
-8000 0
8000 0
-8000 0
8000 0
-8000 0
8000 0
-8000 0
8000 0
-8000 0
8000 0
-8000 0
8000 0
-8000 0
8000 0
-8000 0
8000 0
-8000 0
8000 0
-8000 0
8000 0
-8000 0
8000 0
-8000 0
8000 0
-8000 0
8000 0
-8000 0
8000 0
-8000 0
8000 0
-8000 0
8000 0
-8000 0
8000 0
-8000 0
8000 0
-8000 0
8000 0
-8000 0
8000 0
-8000 0
8000 0
-8000 0
8000 0
-8000 0
8000 0
-8000 0
8000 0
-8000 0
8000 0
-8000 0
8000 0
-8000 0
8000 0
-8000 0
8000 0
-8000 0
8000 0
-8000 0
8000 0
-8000 0
8000 0
-8000 0
8000 0
-8000 0
8000 0
-8000 0
8000 0
-8000 0
8000 0
-8000 0
8000 0
-8000 0
8000 0
-8000 0
8000 0
-8000 0
8000 0
-8000 0
8000 0
-8000 0
8000 0
-8000 0
8000 0
-8000 0
8000 0
-8000 0
8000 0
-8000 0
8000 0
-8000 0
8000 0
-8000 0
8000 0
-8000 0
8000 0
-8000 0
8000 0
-8000 0
8000 0
-8000 0
8000 0
-8000 0
8000 0
-8000 0
8000 0
-8000 0
8000 0
-8000 0
8000 0
-8000 0
8000 0
-8000 0
8000 0
-8000 0
8000 0
-8000 0
8000 0
-8000 0
8000 0
-8000 0
8000 0
-8000 0
8000 0
-8000 0
8000 0
-8000 0
8000 0
-8000 0
8000 0
-8000 0
8000 0
-8000 0
8000 0
-8000 0
8000 0
-8000 0
8000 0
-8000 0
8000 0
-7961 -784
7846 1561
-7656 -2322
7391 3061
-7055 -3771
6652 4445
-6184 -5075
5657 5657
-5075 -6184
4445 6652
-3771 -7055
3061 7391
-2322 -7656
1561 7846
-784 -7961
0 8000
784 -7961
-1561 7846
2322 -7656
-3061 7391
3771 -7055
-4445 6652
5075 -6184
-5657 5657
6184 -5075
-6652 4445
7055 -3771
-7391 3061
7656 -2322
-7846 1561
7961 -784
-8000 0
7961 784
-7846 -1561
7656 2322
-7391 -3061
7055 3771
-6652 -4445
6184 5075
-5657 -5657
5075 6184
-4445 -6652
3771 7055
-3061 -7391
2322 7656
-1561 -7846
784 7961
0 -8000
-784 7961
1561 -7846
-2322 7656
3061 -7391
-3771 7055
4445 -6652
-5075 6184
5657 -5657
-6184 5075
6652 -4445
-7055 3771
7391 -3061
-7656 2322
7846 -1561
-7961 784
8000 0
-7961 -784
7846 1561
-7656 -2322
7391 3061
-7055 -3771
6652 4445
-6184 -5075
5657 5657
-5075 -6184
4445 6652
-3771 -7055
3061 7391
-2322 -7656
1561 7846
-784 -7961
0 8000
784 -7961
-1561 7846
2322 -7656
-3061 7391
3771 -7055
-4445 6652
5075 -6184
-5657 5657
6184 -5075
-6652 4445
7055 -3771
-7391 3061
7656 -2322
-7846 1561
7961 -784
-8000 0
7961 784
-7846 -1561
7656 2322
-7391 -3061
7055 3771
-6652 -4445
6184 5075
-5657 -5657
5075 6184
-4445 -6652
3771 7055
-3061 -7391
2322 7656
-1561 -7846
784 7961
0 -8000
-784 7961
1561 -7846
-2322 7656
3061 -7391
-3771 7055
4445 -6652
-5075 6184
5657 -5657
-6184 5075
6652 -4445
-7055 3771
7391 -3061
-7656 2322
7846 -1561
-7961 784
8000 0
-7961 -784
7846 1561
-7656 -2322
7391 3061
-7055 -3771
6652 4445
-6184 -5075
5657 5657
-5075 -6184
4445 6652
-3771 -7055
3061 7391
-2322 -7656
1561 7846
-784 -7961
0 8000
784 -7961
-1561 7846
2322 -7656
-3061 7391
3771 -7055
-4445 6652
5075 -6184
-5657 5657
6184 -5075
-6652 4445
7055 -3771
-7391 3061
7656 -2322
-7846 1561
7961 -784
-8000 0
7961 784
-7846 -1561
7656 2322
-7391 -3061
7055 3771
-6652 -4445
6184 5075
-5657 -5657
5075 6184
-4445 -6652
3771 7055
-3061 -7391
2322 7656
-1561 -7846
784 7961
0 -8000
-784 7961
1561 -7846
-2322 7656
3061 -7391
-3771 7055
4445 -6652
-5075 6184
5657 -5657
-6184 5075
6652 -4445
-7055 3771
7391 -3061
-7656 2322
7846 -1561
-7961 784
8000 0
-7961 -784
7846 1561
-7656 -2322
7391 3061
-7055 -3771
6652 4445
-6184 -5075
5657 5657
-5075 -6184
4445 6652
-3771 -7055
3061 7391
-2322 -7656
1561 7846
-784 -7961
0 8000
784 -7961
-1561 7846
2322 -7656
-3061 7391
3771 -7055
-4445 6652
5075 -6184
-5657 5657
6184 -5075
-6652 4445
7055 -3771
-7391 3061
7656 -2322
-7846 1561
7961 -784
-8000 0
7961 784
-7846 -1561
7656 2322
-7391 -3061
7055 3771
-6652 -4445
6184 5075
-5657 -5657
5075 6184
-4445 -6652
3771 7055
-3061 -7391
2322 7656
-1561 -7846
784 7961
0 -8000
-784 7961
1561 -7846
-2322 7656
3061 -7391
-3771 7055
4445 -6652
-5075 6184
5657 -5657
-6184 5075
6652 -4445
-7055 3771
7391 -3061
-7656 2322
7846 -1561
-7961 784
8000 0
-7961 -784
7846 1561
-7656 -2322
7391 3061
-7055 -3771
6652 4445
-6184 -5075
5657 5657
-5075 -6184
4445 6652
-3771 -7055
3061 7391
-2322 -7656
1561 7846
-784 -7961
0 8000
784 -7961
-1561 7846
2322 -7656
-3061 7391
3771 -7055
-4445 6652
5075 -6184
-5657 5657
6184 -5075
-6652 4445
7055 -3771
-7391 3061
7656 -2322
-7846 1561
7961 -784
-8000 0
7961 784
-7846 -1561
7656 2322
-7391 -3061
7055 3771
-6652 -4445
6184 5075
-5657 -5657
5075 6184
-4445 -6652
3771 7055
-3061 -7391
2322 7656
-1561 -7846
784 7961
0 -8000
-784 7961
1561 -7846
-2322 7656
3061 -7391
-3771 7055
4445 -6652
-5075 6184
5657 -5657
-6184 5075
6652 -4445
-7055 3771
7391 -3061
-7656 2322
7846 -1561
-7961 784
8000 0
-7961 -784
7846 1561
-7656 -2322
7391 3061
-7055 -3771
6652 4445
-6184 -5075
5657 5657
-5075 -6184
4445 6652
-3771 -7055
3061 7391
-2322 -7656
1561 7846
-784 -7961
0 8000
784 -7961
-1561 7846
2322 -7656
-3061 7391
3771 -7055
-4445 6652
5075 -6184
-5657 5657
6184 -5075
-6652 4445
7055 -3771
-7391 3061
7656 -2322
-7846 1561
7961 -784
-8000 0
7961 784
-7846 -1561
7656 2322
-7391 -3061
7055 3771
-6652 -4445
6184 5075
-5657 -5657
5075 6184
-4445 -6652
3771 7055
-3061 -7391
2322 7656
-1561 -7846
784 7961
0 -8000
-784 7961
1561 -7846
-2322 7656
3061 -7391
-3771 7055
4445 -6652
-5075 6184
5657 -5657
-6184 5075
6652 -4445
-7055 3771
7391 -3061
-7656 2322
7846 -1561
-7961 784
8000 0
-7961 -784
7846 1561
-7656 -2322
7391 3061
-7055 -3771
6652 4445
-6184 -5075
5657 5657
-5075 -6184
4445 6652
-3771 -7055
3061 7391
-2322 -7656
1561 7846
-784 -7961
0 8000
784 -7961
-1561 7846
2322 -7656
-3061 7391
3771 -7055
-4445 6652
5075 -6184
-5657 5657
6184 -5075
-6652 4445
7055 -3771
-7391 3061
7656 -2322
-7846 1561
7961 -784
-8000 0
7961 784
-7846 -1561
7656 2322
-7391 -3061
7055 3771
-6652 -4445
6184 5075
-5657 -5657
5075 6184
-4445 -6652
3771 7055
-3061 -7391
2322 7656
-1561 -7846
784 7961
0 -8000
-784 7961
1561 -7846
-2322 7656
3061 -7391
-3771 7055
4445 -6652
-5075 6184
5657 -5657
-6184 5075
6652 -4445
-7055 3771
7391 -3061
-7656 2322
7846 -1561
-7961 784
8000 0
-7961 -784
7846 1561
-7656 -2322
7391 3061
-7055 -3771
6652 4445
-6184 -5075
5657 5657
-5075 -6184
4445 6652
-3771 -7055
3061 7391
-2322 -7656
1561 7846
-784 -7961
0 8000
784 -7961
-1561 7846
2322 -7656
-3061 7391
3771 -7055
-4445 6652
5075 -6184
-5657 5657
6184 -5075
-6652 4445
7055 -3771
-7391 3061
7656 -2322
-7846 1561
7961 -784
-8000 0
7961 784
-7846 -1561
7656 2322
-7391 -3061
7055 3771
-6652 -4445
6184 5075
-5657 -5657
5075 6184
-4445 -6652
3771 7055
-3061 -7391
2322 7656
-1561 -7846
784 7961
0 -8000
-784 7961
1561 -7846
-2322 7656
3061 -7391
-3771 7055
4445 -6652
-5075 6184
5657 -5657
-6184 5075
6652 -4445
-7055 3771
7391 -3061
-7656 2322
7846 -1561
-7961 784
8000 0
-7961 -784
7846 1561
-7656 -2322
7391 3061
-7055 -3771
6652 4445
-6184 -5075
5657 5657
-5075 -6184
4445 6652
-3771 -7055
3061 7391
-2322 -7656
1561 7846
-784 -7961
0 8000
784 -7961
-1561 7846
2322 -7656
-3061 7391
3771 -7055
-4445 6652
5075 -6184
-5657 5657
6184 -5075
-6652 4445
7055 -3771
-7391 3061
7656 -2322
-7846 1561
7961 -784
-8000 0
7961 784
-7846 -1561
7656 2322
-7391 -3061
7055 3771
-6652 -4445
6184 5075
-5657 -5657
5075 6184
-4445 -6652
3771 7055
-3061 -7391
2322 7656
-1561 -7846
784 7961
0 -8000
-784 7961
1561 -7846
-2322 7656
3061 -7391
-3771 7055
4445 -6652
-5075 6184
5657 -5657
-6184 5075
6652 -4445
-7055 3771
7391 -3061
-7656 2322
7846 -1561
-7961 784
8000 0
-7961 -784
7846 1561
-7656 -2322
7391 3061
-7055 -3771
6652 4445
-6184 -5075
5657 5657
-5075 -6184
4445 6652
-3771 -7055
3061 7391
-2322 -7656
1561 7846
-784 -7961
0 8000
784 -7961
-1561 7846
2322 -7656
-3061 7391
3771 -7055
-4445 6652
5075 -6184
-5657 5657
6184 -5075
-6652 4445
7055 -3771
-7391 3061
7656 -2322
-7846 1561
7961 -784
-8000 0
7961 784
-7846 -1561
7656 2322
-7391 -3061
7055 3771
-6652 -4445
6184 5075
-5657 -5657
5075 6184
-4445 -6652
3771 7055
-3061 -7391
2322 7656
-1561 -7846
784 7961
0 -8000
-784 7961
1561 -7846
-2322 7656
3061 -7391
-3771 7055
4445 -6652
-5075 6184
5657 -5657
-6184 5075
6652 -4445
-7055 3771
7391 -3061
-7656 2322
7846 -1561
-7961 784
8000 0
-7961 -784
7846 1561
-7656 -2322
7391 3061
-7055 -3771
6652 4445
-6184 -5075
5657 5657
-5075 -6184
4445 6652
-3771 -7055
3061 7391
-2322 -7656
1561 7846
-784 -7961
0 8000
784 -7961
-1561 7846
2322 -7656
-3061 7391
3771 -7055
-4445 6652
5075 -6184
-5657 5657
6184 -5075
-6652 4445
7055 -3771
-7391 3061
7656 -2322
-7846 1561
7961 -784
-8000 0
7961 784
-7846 -1561
7656 2322
-7391 -3061
7055 3771
-6652 -4445
6184 5075
-5657 -5657
5075 6184
-4445 -6652
3771 7055
-3061 -7391
2322 7656
-1561 -7846
784 7961
0 -8000
-784 7961
1561 -7846
-2322 7656
3061 -7391
-3771 7055
4445 -6652
-5075 6184
5657 -5657
-6184 5075
6652 -4445
-7055 3771
7391 -3061
-7656 2322
7846 -1561
-7961 784
8000 0
-7961 -784
7846 1561
-7656 -2322
7391 3061
-7055 -3771
6652 4445
-6184 -5075
5657 5657
-5075 -6184
4445 6652
-3771 -7055
3061 7391
-2322 -7656
1561 7846
-784 -7961
8000 0
0 -8000
-8000 0
0 8000
8000 0
0 -8000
-8000 0
0 8000
8000 0
0 -8000
-8000 0
0 8000
8000 0
0 -8000
-8000 0
0 8000
8000 0
0 -8000
-8000 0
0 8000
8000 0
0 -8000
-8000 0
0 8000
8000 0
0 -8000
-8000 0
0 8000
8000 0
0 -8000
-8000 0
0 8000
8000 0
0 -8000
-8000 0
0 8000
8000 0
0 -8000
-8000 0
0 8000
8000 0
0 -8000
-8000 0
0 8000
8000 0
0 -8000
-8000 0
0 8000
8000 0
0 -8000
-8000 0
0 8000
8000 0
0 -8000
-8000 0
0 8000
8000 0
0 -8000
-8000 0
0 8000
8000 0
0 -8000
-8000 0
0 8000
8000 0
0 -8000
-8000 0
0 8000
8000 0
0 -8000
-8000 0
0 8000
8000 0
0 -8000
-8000 0
0 8000
8000 0
0 -8000
-8000 0
0 8000
8000 0
0 -8000
-8000 0
0 8000
8000 0
0 -8000
-8000 0
0 8000
8000 0
0 -8000
-8000 0
0 8000
8000 0
0 -8000
-8000 0
0 8000
8000 0
0 -8000
-8000 0
0 8000
8000 0
0 -8000
-8000 0
0 8000
8000 0
0 -8000
-8000 0
0 8000
8000 0
0 -8000
-8000 0
0 8000
8000 0
0 -8000
-8000 0
0 8000
8000 0
0 -8000
-8000 0
0 8000
8000 0
0 -8000
-8000 0
0 8000
8000 0
0 -8000
-8000 0
0 8000
8000 0
0 -8000
-8000 0
0 8000
8000 0
0 -8000
-8000 0
0 8000
8000 0
0 -8000
-8000 0
0 8000
8000 0
0 -8000
-8000 0
0 8000
8000 0
0 -8000
-8000 0
0 8000
8000 0
0 -8000
-8000 0
0 8000
8000 0
0 -8000
-8000 0
0 8000
8000 0
0 -8000
-8000 0
0 8000
8000 0
0 -8000
-8000 0
0 8000
8000 0
0 -8000
-8000 0
0 8000
8000 0
0 -8000
-8000 0
0 8000
8000 0
0 -8000
-8000 0
0 8000
8000 0
0 -8000
-8000 0
0 8000
8000 0
0 -8000
-8000 0
0 8000
8000 0
0 -8000
-8000 0
0 8000
8000 0
0 -8000
-8000 0
0 8000
8000 0
0 -8000
-8000 0
0 8000
8000 0
0 -8000
-8000 0
0 8000
8000 0
0 -8000
-8000 0
0 8000
8000 0
0 -8000
-8000 0
0 8000
8000 0
0 -8000
-8000 0
0 8000
8000 0
0 -8000
-8000 0
0 8000
8000 0
0 -8000
-8000 0
0 8000
8000 0
0 -8000
-8000 0
0 8000
8000 0
0 -8000
-8000 0
0 8000
8000 0
0 -8000
-8000 0
0 8000
8000 0
0 -8000
-8000 0
0 8000
8000 0
0 -8000
-8000 0
0 8000
8000 0
0 -8000
-8000 0
0 8000
8000 0
0 -8000
-8000 0
0 8000
8000 0
0 -8000
-8000 0
0 8000
8000 0
0 -8000
-8000 0
0 8000
8000 0
0 -8000
-8000 0
0 8000
8000 0
0 -8000
-8000 0
0 8000
8000 0
0 -8000
-8000 0
0 8000
8000 0
0 -8000
-8000 0
0 8000
8000 0
0 -8000
-8000 0
0 8000
8000 0
0 -8000
-8000 0
0 8000
8000 0
0 -8000
-8000 0
0 8000
8000 0
0 -8000
-8000 0
0 8000
8000 0
0 -8000
-8000 0
0 8000
8000 0
0 -8000
-8000 0
0 8000
8000 0
0 -8000
-8000 0
0 8000
8000 0
0 -8000
-8000 0
0 8000
8000 0
0 -8000
-8000 0
0 8000
8000 0
0 -8000
-8000 0
0 8000
8000 0
0 -8000
-8000 0
0 8000
8000 0
0 -8000
-8000 0
0 8000
8000 0
0 -8000
-8000 0
0 8000
8000 0
0 -8000
-8000 0
0 8000
8000 0
0 -8000
-8000 0
0 8000
8000 0
0 -8000
-8000 0
0 8000
8000 0
0 -8000
-8000 0
0 8000
8000 0
0 -8000
-8000 0
0 8000
8000 0
0 -8000
-8000 0
0 8000
8000 0
0 -8000
-8000 0
0 8000
8000 0
0 -8000
-8000 0
0 8000
8000 0
0 -8000
-8000 0
0 8000
8000 0
0 -8000
-8000 0
0 8000
8000 0
0 -8000
-8000 0
0 8000
8000 0
0 -8000
-8000 0
0 8000
8000 0
0 -8000
-8000 0
0 8000
8000 0
0 -8000
-8000 0
0 8000
8000 0
0 -8000
-8000 0
0 8000
8000 0
0 -8000
-8000 0
0 8000
8000 0
0 -8000
-8000 0
0 8000
8000 0
0 -8000
-8000 0
0 8000
8000 0
0 -8000
-8000 0
0 8000
8000 0
0 -8000
-8000 0
0 8000
8000 0
0 -8000
-8000 0
0 8000
8000 0
0 -8000
-8000 0
0 8000
8000 0
0 -8000
-8000 0
0 8000
8000 0
0 -8000
-8000 0
0 8000
8000 0
0 -8000
-8000 0
0 8000
8000 0
0 -8000
-8000 0
0 8000
8000 0
0 -8000
-8000 0
0 8000
8000 0
0 -8000
-8000 0
0 8000
8000 0
0 -8000
-8000 0
0 8000
8000 0
0 -8000
-8000 0
0 8000
8000 0
0 -8000
-8000 0
0 8000
8000 0
0 -8000
-8000 0
0 8000
8000 0
0 -8000
-8000 0
0 8000
8000 0
0 -8000
-8000 0
0 8000
8000 0
0 -8000
-8000 0
0 8000
8000 0
0 -8000
-8000 0
0 8000
8000 0
0 -8000
-8000 0
0 8000
8000 0
0 -8000
-8000 0
0 8000
8000 0
0 -8000
-8000 0
0 8000
8000 0
0 -8000
-8000 0
0 8000
8000 0
0 -8000
-8000 0
0 8000
8000 0
0 -8000
-8000 0
0 8000
8000 0
0 -8000
-8000 0
0 8000
8000 0
0 -8000
-8000 0
0 8000
8000 0
0 -8000
-8000 0
0 8000
8000 0
0 -8000
-8000 0
0 8000
8000 0
0 -8000
-8000 0
0 8000
8000 0
0 -8000
-8000 0
0 8000
8000 0
0 -8000
-8000 0
0 8000
8000 0
0 -8000
-8000 0
0 8000
8000 0
0 -8000
-8000 0
0 8000
8000 0
0 -8000
-8000 0
0 8000
8000 0
0 -8000
-8000 0
0 8000
8000 0
0 -8000
-8000 0
0 8000
8000 0
0 -8000
-8000 0
0 8000
8000 0
0 -8000
-8000 0
0 8000
8000 0
0 -8000
-8000 0
0 8000
8000 0
0 -8000
-8000 0
0 8000
8000 0
0 -8000
-8000 0
0 8000
8000 0
0 -8000
-8000 0
0 8000
8000 0
0 -8000
-8000 0
0 8000
8000 0
0 -8000
-8000 0
0 8000
8000 0
0 -8000
-8000 0
0 8000
8000 0
0 -8000
-8000 0
0 8000
8000 0
0 -8000
-8000 0
0 8000
8000 0
0 -8000
-8000 0
0 8000
8000 0
0 -8000
-8000 0
0 8000
8000 0
0 -8000
-8000 0
0 8000
8000 0
0 -8000
-8000 0
0 8000
8000 0
0 -8000
-8000 0
0 8000
8000 0
0 -8000
-8000 0
0 8000
8000 0
0 -8000
-8000 0
0 8000
8000 0
0 -8000
-8000 0
0 8000
8000 0
0 -8000
-8000 0
0 8000
8000 0
0 -8000
-8000 0
0 8000
8000 0
0 -8000
-8000 0
0 8000
8000 0
0 -8000
-8000 0
0 8000
8000 0
0 -8000
-8000 0
0 8000
8000 0
0 -8000
-8000 0
0 8000
8000 0
0 -8000
-8000 0
0 8000
8000 0
0 -8000
-8000 0
0 8000
8000 0
0 -8000
-8000 0
0 8000
8000 0
0 -8000
-8000 0
0 8000
8000 0
0 -8000
-8000 0
0 8000
8000 0
0 -8000
-8000 0
0 8000
8000 0
0 -8000
-8000 0
0 8000
8000 0
0 -8000
-8000 0
0 8000
8000 0
0 -8000
-8000 0
0 8000
8000 0
0 -8000
-8000 0
0 8000
8000 0
0 -8000
-8000 0
0 8000
8000 0
0 -8000
-8000 0
0 8000
8000 0
0 -8000
-8000 0
0 8000
8000 0
0 -8000
-8000 0
0 8000
8000 0
0 -8000
-8000 0
0 8000
8000 0
0 -8000
-8000 0
0 8000
8000 0
0 -8000
-8000 0
0 8000
8000 0
0 -8000
-8000 0
0 8000
8000 0
0 -8000
-8000 0
0 8000
8000 0
0 -8000
-8000 0
0 8000
8000 0
7961 -784
7846 -1561
7656 -2322
7391 -3061
7055 -3771
6652 -4445
6184 -5075
5657 -5657
5075 -6184
4445 -6652
3771 -7055
3061 -7391
2322 -7656
1561 -7846
784 -7961
0 -8000
-784 -7961
-1561 -7846
-2322 -7656
-3061 -7391
-3771 -7055
-4445 -6652
-5075 -6184
-5657 -5657
-6184 -5075
-6652 -4445
-7055 -3771
-7391 -3061
-7656 -2322
-7846 -1561
-7961 -784
-8000 0
-7961 784
-7846 1561
-7656 2322
-7391 3061
-7055 3771
-6652 4445
-6184 5075
-5657 5657
-5075 6184
-4445 6652
-3771 7055
-3061 7391
-2322 7656
-1561 7846
-784 7961
0 8000
784 7961
1561 7846
2322 7656
3061 7391
3771 7055
4445 6652
5075 6184
5657 5657
6184 5075
6652 4445
7055 3771
7391 3061
7656 2322
7846 1561
7961 784
8000 0
7961 -784
7846 -1561
7656 -2322
7391 -3061
7055 -3771
6652 -4445
6184 -5075
5657 -5657
5075 -6184
4445 -6652
3771 -7055
3061 -7391
2322 -7656
1561 -7846
784 -7961
0 -8000
-784 -7961
-1561 -7846
-2322 -7656
-3061 -7391
-3771 -7055
-4445 -6652
-5075 -6184
-5657 -5657
-6184 -5075
-6652 -4445
-7055 -3771
-7391 -3061
-7656 -2322
-7846 -1561
-7961 -784
-8000 0
-7961 784
-7846 1561
-7656 2322
-7391 3061
-7055 3771
-6652 4445
-6184 5075
-5657 5657
-5075 6184
-4445 6652
-3771 7055
-3061 7391
-2322 7656
-1561 7846
-784 7961
0 8000
784 7961
1561 7846
2322 7656
3061 7391
3771 7055
4445 6652
5075 6184
5657 5657
6184 5075
6652 4445
7055 3771
7391 3061
7656 2322
7846 1561
7961 784
8000 0
7961 -784
7846 -1561
7656 -2322
7391 -3061
7055 -3771
6652 -4445
6184 -5075
5657 -5657
5075 -6184
4445 -6652
3771 -7055
3061 -7391
2322 -7656
1561 -7846
784 -7961
0 -8000
-784 -7961
-1561 -7846
-2322 -7656
-3061 -7391
-3771 -7055
-4445 -6652
-5075 -6184
-5657 -5657
-6184 -5075
-6652 -4445
-7055 -3771
-7391 -3061
-7656 -2322
-7846 -1561
-7961 -784
-8000 0
-7961 784
-7846 1561
-7656 2322
-7391 3061
-7055 3771
-6652 4445
-6184 5075
-5657 5657
-5075 6184
-4445 6652
-3771 7055
-3061 7391
-2322 7656
-1561 7846
-784 7961
0 8000
784 7961
1561 7846
2322 7656
3061 7391
3771 7055
4445 6652
5075 6184
5657 5657
6184 5075
6652 4445
7055 3771
7391 3061
7656 2322
7846 1561
7961 784
8000 0
7961 -784
7846 -1561
7656 -2322
7391 -3061
7055 -3771
6652 -4445
6184 -5075
5657 -5657
5075 -6184
4445 -6652
3771 -7055
3061 -7391
2322 -7656
1561 -7846
784 -7961
0 -8000
-784 -7961
-1561 -7846
-2322 -7656
-3061 -7391
-3771 -7055
-4445 -6652
-5075 -6184
-5657 -5657
-6184 -5075
-6652 -4445
-7055 -3771
-7391 -3061
-7656 -2322
-7846 -1561
-7961 -784
-8000 0
-7961 784
-7846 1561
-7656 2322
-7391 3061
-7055 3771
-6652 4445
-6184 5075
-5657 5657
-5075 6184
-4445 6652
-3771 7055
-3061 7391
-2322 7656
-1561 7846
-784 7961
0 8000
784 7961
1561 7846
2322 7656
3061 7391
3771 7055
4445 6652
5075 6184
5657 5657
6184 5075
6652 4445
7055 3771
7391 3061
7656 2322
7846 1561
7961 784
8000 0
7961 -784
7846 -1561
7656 -2322
7391 -3061
7055 -3771
6652 -4445
6184 -5075
5657 -5657
5075 -6184
4445 -6652
3771 -7055
3061 -7391
2322 -7656
1561 -7846
784 -7961
0 -8000
-784 -7961
-1561 -7846
-2322 -7656
-3061 -7391
-3771 -7055
-4445 -6652
-5075 -6184
-5657 -5657
-6184 -5075
-6652 -4445
-7055 -3771
-7391 -3061
-7656 -2322
-7846 -1561
-7961 -784
-8000 0
-7961 784
-7846 1561
-7656 2322
-7391 3061
-7055 3771
-6652 4445
-6184 5075
-5657 5657
-5075 6184
-4445 6652
-3771 7055
-3061 7391
-2322 7656
-1561 7846
-784 7961
0 8000
784 7961
1561 7846
2322 7656
3061 7391
3771 7055
4445 6652
5075 6184
5657 5657
6184 5075
6652 4445
7055 3771
7391 3061
7656 2322
7846 1561
7961 784
8000 0
7961 -784
7846 -1561
7656 -2322
7391 -3061
7055 -3771
6652 -4445
6184 -5075
5657 -5657
5075 -6184
4445 -6652
3771 -7055
3061 -7391
2322 -7656
1561 -7846
784 -7961
0 -8000
-784 -7961
-1561 -7846
-2322 -7656
-3061 -7391
-3771 -7055
-4445 -6652
-5075 -6184
-5657 -5657
-6184 -5075
-6652 -4445
-7055 -3771
-7391 -3061
-7656 -2322
-7846 -1561
-7961 -784
-8000 0
-7961 784
-7846 1561
-7656 2322
-7391 3061
-7055 3771
-6652 4445
-6184 5075
-5657 5657
-5075 6184
-4445 6652
-3771 7055
-3061 7391
-2322 7656
-1561 7846
-784 7961
0 8000
784 7961
1561 7846
2322 7656
3061 7391
3771 7055
4445 6652
5075 6184
5657 5657
6184 5075
6652 4445
7055 3771
7391 3061
7656 2322
7846 1561
7961 784
8000 0
7961 -784
7846 -1561
7656 -2322
7391 -3061
7055 -3771
6652 -4445
6184 -5075
5657 -5657
5075 -6184
4445 -6652
3771 -7055
3061 -7391
2322 -7656
1561 -7846
784 -7961
0 -8000
-784 -7961
-1561 -7846
-2322 -7656
-3061 -7391
-3771 -7055
-4445 -6652
-5075 -6184
-5657 -5657
-6184 -5075
-6652 -4445
-7055 -3771
-7391 -3061
-7656 -2322
-7846 -1561
-7961 -784
-8000 0
-7961 784
-7846 1561
-7656 2322
-7391 3061
-7055 3771
-6652 4445
-6184 5075
-5657 5657
-5075 6184
-4445 6652
-3771 7055
-3061 7391
-2322 7656
-1561 7846
-784 7961
0 8000
784 7961
1561 7846
2322 7656
3061 7391
3771 7055
4445 6652
5075 6184
5657 5657
6184 5075
6652 4445
7055 3771
7391 3061
7656 2322
7846 1561
7961 784
8000 0
7961 -784
7846 -1561
7656 -2322
7391 -3061
7055 -3771
6652 -4445
6184 -5075
5657 -5657
5075 -6184
4445 -6652
3771 -7055
3061 -7391
2322 -7656
1561 -7846
784 -7961
0 -8000
-784 -7961
-1561 -7846
-2322 -7656
-3061 -7391
-3771 -7055
-4445 -6652
-5075 -6184
-5657 -5657
-6184 -5075
-6652 -4445
-7055 -3771
-7391 -3061
-7656 -2322
-7846 -1561
-7961 -784
-8000 0
-7961 784
-7846 1561
-7656 2322
-7391 3061
-7055 3771
-6652 4445
-6184 5075
-5657 5657
-5075 6184
-4445 6652
-3771 7055
-3061 7391
-2322 7656
-1561 7846
-784 7961
0 8000
784 7961
1561 7846
2322 7656
3061 7391
3771 7055
4445 6652
5075 6184
5657 5657
6184 5075
6652 4445
7055 3771
7391 3061
7656 2322
7846 1561
7961 784
8000 0
7961 -784
7846 -1561
7656 -2322
7391 -3061
7055 -3771
6652 -4445
6184 -5075
5657 -5657
5075 -6184
4445 -6652
3771 -7055
3061 -7391
2322 -7656
1561 -7846
784 -7961
0 -8000
-784 -7961
-1561 -7846
-2322 -7656
-3061 -7391
-3771 -7055
-4445 -6652
-5075 -6184
-5657 -5657
-6184 -5075
-6652 -4445
-7055 -3771
-7391 -3061
-7656 -2322
-7846 -1561
-7961 -784
-8000 0
-7961 784
-7846 1561
-7656 2322
-7391 3061
-7055 3771
-6652 4445
-6184 5075
-5657 5657
-5075 6184
-4445 6652
-3771 7055
-3061 7391
-2322 7656
-1561 7846
-784 7961
0 8000
784 7961
1561 7846
2322 7656
3061 7391
3771 7055
4445 6652
5075 6184
5657 5657
6184 5075
6652 4445
7055 3771
7391 3061
7656 2322
7846 1561
7961 784
8000 0
7961 -784
7846 -1561
7656 -2322
7391 -3061
7055 -3771
6652 -4445
6184 -5075
5657 -5657
5075 -6184
4445 -6652
3771 -7055
3061 -7391
2322 -7656
1561 -7846
784 -7961
0 -8000
-784 -7961
-1561 -7846
-2322 -7656
-3061 -7391
-3771 -7055
-4445 -6652
-5075 -6184
-5657 -5657
-6184 -5075
-6652 -4445
-7055 -3771
-7391 -3061
-7656 -2322
-7846 -1561
-7961 -784
-8000 0
-7961 784
-7846 1561
-7656 2322
-7391 3061
-7055 3771
-6652 4445
-6184 5075
-5657 5657
-5075 6184
-4445 6652
-3771 7055
-3061 7391
-2322 7656
-1561 7846
-784 7961
0 8000
784 7961
1561 7846
2322 7656
3061 7391
3771 7055
4445 6652
5075 6184
5657 5657
6184 5075
6652 4445
7055 3771
7391 3061
7656 2322
7846 1561
7961 784
8000 0
7961 -784
7846 -1561
7656 -2322
7391 -3061
7055 -3771
6652 -4445
6184 -5075
5657 -5657
5075 -6184
4445 -6652
3771 -7055
3061 -7391
2322 -7656
1561 -7846
784 -7961
0 -8000
-784 -7961
-1561 -7846
-2322 -7656
-3061 -7391
-3771 -7055
-4445 -6652
-5075 -6184
-5657 -5657
-6184 -5075
-6652 -4445
-7055 -3771
-7391 -3061
-7656 -2322
-7846 -1561
-7961 -784
-8000 0
-7961 784
-7846 1561
-7656 2322
-7391 3061
-7055 3771
-6652 4445
-6184 5075
-5657 5657
-5075 6184
-4445 6652
-3771 7055
-3061 7391
-2322 7656
-1561 7846
-784 7961
0 8000
784 7961
1561 7846
2322 7656
3061 7391
3771 7055
4445 6652
5075 6184
5657 5657
6184 5075
6652 4445
7055 3771
7391 3061
7656 2322
7846 1561
7961 784
8000 0
7961 -784
7846 -1561
7656 -2322
7391 -3061
7055 -3771
6652 -4445
6184 -5075
5657 -5657
5075 -6184
4445 -6652
3771 -7055
3061 -7391
2322 -7656
1561 -7846
784 -7961
