0 0 25000
0 1 30000
0 -1 1958
0 2 100
0 -2 32767
0 100 -24000
0 -100 -1
0 32767 2
0 -32768 -30000
0 16384 -25000
0 -16384 12345
0 12345 1
0 -12345 -2
0 24000 -100
0 -24000 -16384
0 25000 12673
0 -25000 16384
0 30000 -32768
0 -30000 31741
0 12039 -22585
0 1934 0
0 -25222 14384
0 21136 1465
0 30212 -12345
0 -2726 24000
1 0 32767
1 1 -24000
1 -1 100
1 2 12345
1 -2 -32404
1 100 -32768
1 -100 -25000
1 32767 -14470
1 -32768 -16384
1 16384 13546
1 -16384 -100
1 12345 30000
1 -12345 24000
1 24000 0
1 -24000 -19575
1 25000 7413
1 -25000 2
1 30000 -12345
1 -30000 25000
1 -32121 -1
1 4485 16384
1 -2055 1
1 15428 -2
1 -21821 -30000
1 -6221 -22270
2 0 -14399
2 1 17133
2 -1 -1
2 2 100
2 -2 -12345
2 100 1
2 -100 12345
2 32767 532
2 -32768 -25000
2 16384 -32768
2 -16384 25000
2 12345 -11864
2 -12345 16384
2 24000 -24000
2 -24000 30000
2 25000 -2
2 -25000 0
2 30000 -100
2 -30000 32767
2 32213 -30000
2 -19483 -16384
2 -28735 24000
2 12566 2
2 -18809 -23741
2 -14887 -4030
3 0 -2
3 1 28626
3 -1 32767
3 2 -30000
3 -2 -32767
3 100 100
3 -100 10212
3 32767 -16384
3 -32767 -24000
3 16384 20700
3 -16384 -12345
3 12345 30000
3 -12345 -100
3 24000 -25000
3 -24000 0
3 25000 1
3 -25000 2
3 30000 12345
3 -30000 -1
3 1252 -15585
3 -6167 -5048
3 -19775 16384
3 29487 -15637
3 -15168 24000
3 8697 25000
4 0 22038
4 1 -7281
4 -1 -32767
4 2 -20334
4 -2 2880
4 100 12345
4 -100 25000
4 32767 0
4 -32767 -25000
4 16384 -30000
4 -16384 -100
4 12345 -2
4 -12345 100
4 24000 30000
4 -24000 32767
4 25000 -12345
4 -25000 -1
4 30000 24000
4 -30000 -16384
4 -15210 19639
4 -3107 10885
4 20187 16384
4 10986 1
4 -29625 2
4 -12837 -24000
5 0 -24000
5 1 1
5 -1 -16384
5 2 -12345
5 -2 25000
5 100 -32768
5 -100 -100
5 32767 2
5 -32768 32767
5 16384 12345
5 -16384 25350
5 12345 0
5 -12345 -30000
5 24000 100
5 -24000 25926
5 25000 10853
5 -25000 30000
5 30000 -25000
5 -30000 -2
5 -20227 7074
5 9003 24000
5 19952 16384
5 16899 9278
5 -11525 -1
5 14683 24888
6 0 -24000
6 1 17070
6 -1 24000
6 2 100
6 -2 12345
6 100 -12345
6 -100 -2
6 32767 -1
6 -32767 1
6 16384 -8308
6 -16384 0
6 12345 32767
6 -12345 -31433
6 24000 -32767
6 -24000 30000
6 25000 25000
6 -25000 11333
6 30000 1445
6 -30000 -100
6 -30173 2
6 15543 -30000
6 -26 -25000
6 -23299 16964
6 2222 16384
6 19161 -16384
7 0 -23999
7 1 -26685
7 -1 1
7 2 5924
7 -2 0
7 100 -12345
7 -100 2
7 32766 23999
7 -32767 -100
7 16384 29999
7 -16383 25445
7 12345 100
7 -12345 16384
7 23999 9737
7 -23999 -31615
7 24999 -24999
7 -24999 24999
7 29999 12345
7 -29999 -16383
7 -13722 -1
7 17403 -32767
7 -8473 -2
7 -17983 32766
7 -22931 6136
7 6597 -29999
8 0 24000
8 1 2
8 -1 100
8 2 30000
8 -2 32767
8 100 25000
8 -100 -32768
8 32767 -25000
8 -32768 -12345
8 16384 16000
8 -16384 1
8 12345 16384
8 -12345 0
8 24000 -11120
8 -24000 -24000
8 25000 -30381
8 -25000 -16384
8 30000 -100
8 -30000 -12629
8 3221 12345
8 -5973 -30000
8 -31799 -19242
8 13415 -1
8 -26763 16775
8 -20034 -2
9 0 100
9 1 25001
9 -1 2
9 2 16385
9 -2 -19801
9 100 -25001
9 -100 -12345
9 32767 -20315
9 -32768 -30001
9 16385 -5994
9 -16384 -16384
9 12345 -1
9 -12345 30001
9 24001 -32768
9 -24001 32767
9 25001 -100
9 -25001 0
9 30001 25205
9 -30001 29654
9 -10234 20185
9 1338 -24001
9 1150 24001
9 -15269 -2
9 -472 12345
9 -3505 1
10 0 -1
10 1 32767
10 -1 -24000
10 2 -5749
10 -2 -2
10 100 1034
10 -100 -100
10 32767 24000
10 -32767 1
10 16384 -24258
10 -16384 0
10 12345 12345
10 -12345 -25000
10 24000 16384
10 -24000 28036
10 25000 25000
10 -25000 -32767
10 30000 -12345
10 -30000 5395
10 -22216 -30000
10 -23212 30000
10 3110 2
10 18245 100
10 -16157 12736
10 -22881 -16384
11 0 -2
11 1 12223
11 -1 -30000
11 2 12345
11 -2 -7458
11 100 30000
11 -100 100
11 32767 16384
11 -32768 -16384
11 16384 -25000
11 -16384 32767
11 12345 25000
11 -12345 -1
11 24000 24000
11 -24000 -32768
11 25000 0
11 -25000 -12345
11 30000 2
11 -30000 -25233
11 -7019 -23976
11 -27410 12373
11 16585 30942
11 -26390 -24000
11 25037 -100
11 -22234 1
12 0 -32768
12 1 1
12 -1 -30001
12 2 7629
12 -2 0
12 100 -16384
12 -100 -12345
12 32767 -2
12 -32768 30001
12 16385 28821
12 -16384 16385
12 12345 100
12 -12345 -25001
12 24001 25001
12 -24001 12345
12 25001 -24001
12 -25001 -100
12 30001 2
12 -30001 27952
12 23308 24001
12 -15239 27671
12 12953 32767
12 16552 -1
12 -1373 11539
12 -11463 -17477
13 0 0
13 1 -100
13 -1 24000
13 2 -29277
13 -2 30000
13 100 -12345
13 -100 12345
13 32767 17046
13 -32767 -1461
13 16384 -25000
13 -16384 16384
13 12345 -16384
13 -12345 -30000
13 24000 2
13 -24000 1
13 25000 -24000
13 -25000 25861
13 30000 -2
13 -30000 -32767
13 32368 398
13 15713 25000
13 -9189 -1
13 -27995 100
13 5330 27275
13 12044 32767
14 0 -16870
14 1 -16384
14 -1 24000
14 2 -2
14 -2 0
14 100 -100
14 -100 16384
14 32767 12345
14 -32767 19007
14 16384 -23745
14 -16384 100
14 12345 -32767
14 -12345 -25000
14 24000 32767
14 -24000 -7062
14 25000 2
14 -25000 -1
14 30000 25000
14 -30000 -2127
14 320 -24000
14 4033 -12345
14 -108 16387
14 -2663 -30000
14 8022 1
14 9251 30000
15 0 -2
15 1 -25001
15 -1 100
15 2 16385
15 -2 1
15 100 -32166
15 -100 -16384
15 32767 24001
15 -32768 25001
15 16385 572
15 -16384 21565
15 12345 7323
15 -12345 2
15 24001 -18967
15 -24001 30001
15 25001 32767
15 -25001 -24001
15 30001 12345
15 -30001 -30001
15 21705 -22146
15 15163 -32768
15 -25273 -1
15 14465 0
15 5945 -12345
15 -17350 -100
16 0 2
16 1 24000
16 -1 25000
16 2 24875
16 -2 -1
16 100 12345
16 -100 5109
16 32767 100
16 -32768 -30000
16 16384 -100
16 -16384 -2
16 12345 16384
16 -12345 -25000
16 24000 32767
16 -24000 -32768
16 25000 16918
16 -25000 -12345
16 30000 30000
16 -30000 -16384
16 11992 -28226
16 9457 -20628
16 -13828 19986
16 -9769 1
16 -19150 -24000
16 -17572 0
17 0 -12345
17 1 -100
17 -1 100
17 2 -1
17 -2 16384
17 100 2667
17 -100 -21736
17 32767 30000
17 -32768 25000
17 16384 -30000
17 -16384 -32768
17 12345 -9893
17 -12345 32767
17 24000 31299
17 -24000 1516
17 25000 12345
17 -25000 -2
17 30000 -16633
17 -30000 -16384
17 -25636 -24000
17 15577 0
17 -5095 1
17 28605 24000
17 16057 2
17 14598 -25000
18 0 -4539
18 1 -24001
18 -1 12345
18 2 -17668
18 -2 -25001
18 100 0
18 -100 14150
18 32767 -100
18 -32768 24001
18 16385 32643
18 -16384 100
18 12345 -1
18 -12345 -16384
18 24001 -12345
18 -24001 -30001
18 25001 2
18 -25001 1
18 30001 -2
18 -30001 5448
18 9031 32767
18 -11899 25001
18 31661 16385
18 -25138 -32768
18 -9270 -7054
18 10375 30001
19 0 -2
19 1 8042
19 -1 -16384
19 2 32767
19 -2 100
19 100 -32767
19 -100 25000
19 32767 -100
19 -32767 1
19 16384 -25000
19 -16384 22639
19 12345 22158
19 -12345 -25012
19 24000 16384
19 -24000 -1
19 25000 30000
19 -25000 -29324
19 30000 0
19 -30000 -24000
19 -27570 -12345
19 -26291 24000
19 15753 12345
19 23290 -22320
19 6754 2
19 -24742 -30000
20 0 27081
20 1 29999
20 -1 -100
20 2 -2
20 -2 16384
20 100 2
20 -100 12345
20 32766 -24999
20 -32767 32766
20 16384 -5216
20 -16383 -32767
20 12345 28957
20 -12345 -29999
20 23999 -23999
20 -23999 16123
20 24999 0
20 -24999 23999
20 29999 -12345
20 -29999 -19284
20 -20132 -22552
20 32266 1
20 15357 -16383
20 20778 24999
20 -8154 -1
20 -1520 100
21 0 100
21 1 -25001
21 -1 -24001
21 2 30001
21 -2 0
21 100 -12345
21 -100 -32768
21 32767 2
21 -32768 16385
21 16385 12345
21 -16384 -1
21 12345 14089
21 -12345 -30001
21 24001 1
21 -24001 -2
21 25001 -100
21 -25001 23369
21 30001 24001
21 -30001 32767
21 1317 -21939
21 -28712 -9771
21 -16330 31598
21 -8498 25001
21 -2631 -16384
21 -8516 -5864
22 0 -12345
22 1 2
22 -1 -25001
22 2 -30001
22 -2 -11285
22 100 25025
22 -100 12345
22 32767 -16384
22 -32768 30001
22 16385 -1
22 -16384 24001
22 12345 16385
22 -12345 -5923
22 24001 100
22 -24001 1
22 25001 -24001
22 -25001 -100
22 30001 -32768
22 -30001 0
22 -8418 25001
22 -9682 -16784
22 -14967 -2
22 -25098 32767
22 -8675 -3553
22 -15647 26906
23 0 5826
23 1 24000
23 -1 -12345
23 2 2
23 -2 -2
23 100 25000
23 -100 -24000
23 32767 1
23 -32767 -32326
23 16384 10201
23 -16384 -25000
23 12345 -16384
23 -12345 -32767
23 24000 16384
23 -24000 12861
23 25000 32767
23 -25000 -30000
23 30000 0
23 -30000 30000
23 3717 28669
23 11211 -100
23 11014 27977
23 26975 100
23 31625 12345
23 5869 -1
24 0 1
24 1 -32768
24 -1 12345
24 2 -18202
24 -2 -16384
24 100 24000
24 -100 10774
24 32767 25000
24 -32768 100
24 16384 0
24 -16384 -100
24 12345 2
24 -12345 -1
24 24000 16384
24 -24000 -30000
24 25000 -24242
24 -25000 -18963
24 30000 9791
24 -30000 -25000
24 31358 -2
24 -1065 32767
24 -18983 -12345
24 12261 30000
24 22022 6019
24 3849 -24000
25 0 -2
25 1 2
25 -1 -100
25 2 30000
25 -2 28596
25 100 32767
25 -100 -25000
25 32767 2221
25 -32768 -24180
25 16384 13931
25 -16384 2936
25 12345 24000
25 -12345 1
25 24000 -16384
25 -24000 100
25 25000 -1
25 -25000 3613
25 30000 -30000
25 -30000 16384
25 -18647 -24000
25 -10947 -32768
25 -1134 0
25 334 12345
25 -23175 25000
25 -14063 -12345
26 0 0
26 1 -2
26 -1 -24001
26 2 30001
26 -2 21706
26 100 -12345
26 -100 -12403
26 32767 -100
26 -32768 100
26 16385 24001
26 -16384 32767
26 12345 -1
26 -12345 -10509
26 24001 25001
26 -24001 20565
26 25001 -16384
26 -25001 -32768
26 30001 -7116
26 -30001 9125
26 -23698 -25001
26 31709 12345
26 -6998 1
26 -31811 16385
26 -8106 -30001
26 26632 2
27 0 2
27 1 2149
27 -1 -100
27 2 100
27 -2 5180
27 100 -16383
27 -100 6183
27 32766 -24999
27 -32767 32766
27 16384 -32767
27 -16383 23999
27 12345 24999
27 -12345 -12345
27 23999 -32469
27 -23999 12345
27 24999 -1
27 -24999 16384
27 29999 -2
27 -29999 29999
27 -32764 -23999
27 7574 4074
27 -17307 0
27 25248 -29999
27 -6759 -11581
27 22685 1
28 0 -100
28 1 8316
28 -1 -1
28 2 30065
28 -2 10032
28 100 -2
28 -100 24052
28 32767 12372
28 -32768 -30065
28 16420 1
28 -16420 0
28 12372 -118
28 -12372 -16420
28 24052 25055
28 -24052 100
28 25055 -24052
28 -25055 -32768
28 30065 -25055
28 -30065 16420
28 31024 5470
28 -27887 2
28 8276 32767
28 19545 -12372
28 26969 -2264
28 -27060 -9998
29 0 -24567
29 1 15558
29 -1 24567
29 2 -102
29 -2 0
29 102 25591
29 -102 -25591
29 32767 -32768
29 -32768 102
29 16771 30709
29 -16771 32767
29 12637 16771
29 -12637 32499
29 24567 2
29 -24567 1
29 25591 -30709
29 -25591 -2
29 30709 -1
29 -30709 -12637
29 -12707 12637
29 -17247 29851
29 26926 -16771
29 -8975 -20232
29 2857 28056
29 28568 -24391
30 0 26658
30 1 -18198
30 -1 32767
30 2 -14186
30 -2 -27768
30 111 111
30 -111 1
30 32767 13712
30 -32768 -23051
30 18198 -111
30 -18198 -26658
30 13712 -2
30 -13712 18198
30 26658 -15702
30 -26658 32767
30 27768 -14129
30 -27768 2
30 32767 -12420
30 -32768 0
30 -24795 -13712
30 -24397 27768
30 19283 -32768
30 -5559 -1
30 -23799 -32768
30 -23682 8472
31 0 22294
31 1 32767
31 -1 -136
31 3 21974
31 -3 27895
31 136 -16779
31 -136 16779
31 32767 32767
31 -32768 32767
31 22269 -32768
31 -22268 -22268
31 16779 1
31 -16779 -32620
31 32620 -7595
31 -32620 136
31 32767 -32768
31 -32768 3
31 32767 -32768
31 -32768 -3
31 3929 0
31 32767 32767
31 32767 26708
31 30568 22269
31 16661 -1
31 8154 32620
32 0 1730
32 1 32767
32 -1 -32768
32 2 100
32 -2 0
32 100 12345
32 -100 -12345
32 32767 -24000
32 -32768 -1
32 16384 30000
32 -16384 25000
32 12345 -25786
32 -12345 -2
32 24000 -4275
32 -24000 -30000
32 25000 -100
32 -25000 -18781
32 30000 1
32 -30000 -16384
32 -16634 16384
32 12692 -25000
32 8067 -8537
32 909 24000
32 -10199 -19519
32 26314 2
33 0 -32768
33 1 32767
33 -1 -3
33 3 32767
33 -3 32767
33 136 -22268
33 -136 13732
33 32767 32767
33 -32768 -136
33 22269 1
33 -22268 32620
33 16779 -32768
33 -16779 -16779
33 32620 -32768
33 -32620 -32768
33 32767 32767
33 -32768 22269
33 32767 15891
33 -32768 136
33 -32768 16779
33 12466 3
33 -16477 -32620
33 -22451 -32768
33 -32768 -1
33 17819 0
34 0 -32768
34 1 -26658
34 -1 -18198
34 2 18846
34 -2 2
34 111 -15631
34 -111 13712
34 32767 -13712
34 -32768 18606
34 18198 18198
34 -18198 111
34 13712 1
34 -13712 -27768
34 26658 32767
34 -26658 26658
34 27768 27768
34 -27768 32767
34 32767 21754
34 -32768 0
34 -15119 -2
34 -444 32767
34 28202 -22061
34 -19550 -111
34 -32768 -1
34 11855 -32768
35 0 9608
35 1 25591
35 -1 30709
35 2 -12637
35 -2 0
35 102 16771
35 -102 -32674
35 32767 32767
35 -32768 28088
35 16771 -22160
35 -16771 -2
35 12637 -1
35 -12637 -25591
35 24567 24567
35 -24567 -30709
35 25591 1
35 -25591 -24567
35 30709 27428
35 -30709 2
35 18173 32767
35 17445 12637
35 -2164 -102
35 -28788 -16771
35 -934 102
35 -27911 -32768
36 0 22866
36 1 16420
36 -1 0
36 2 12372
36 -2 -25055
36 100 2
36 -100 5206
36 32767 -100
36 -32768 -718
36 16420 1
36 -16420 -24052
36 12372 -30801
36 -12372 100
36 24052 -16420
36 -24052 -1
36 25055 -2
36 -25055 32767
36 30065 24052
36 -30065 30065
36 16846 -12372
36 -32296 -23036
36 -20079 -17650
36 -20686 25055
36 -16545 -30065
36 -15543 -32768
37 0 -23999
37 1 17266
37 -1 23999
37 2 6523
37 -2 -1
37 100 -24999
37 -100 0
37 32766 16384
37 -32767 -100
37 16384 -2
37 -16383 1
37 12345 24999
37 -12345 -29999
37 23999 29999
37 -23999 12527
37 24999 -30137
37 -24999 -32767
37 29999 2
37 -29999 -16383
37 -1818 -12345
37 31965 -5097
37 11237 100
37 20904 32766
37 31372 12345
37 25604 24364
38 0 -8853
38 1 21797
38 -1 1
38 2 32767
38 -2 0
38 100 -32768
38 -100 -12345
38 32767 12345
38 -32768 -25001
38 16385 -1
38 -16384 -16384
38 12345 30001
38 -12345 -2
38 24001 -1338
38 -24001 24001
38 25001 -24001
38 -25001 -31959
38 30001 16385
38 -30001 19164
38 20838 100
38 -8139 25001
38 573 -3605
38 -23756 -30001
38 8606 2
38 28154 -100
39 0 12345
39 1 0
39 -1 31604
39 2 -100
39 -2 -32768
39 100 16384
39 -100 -13134
39 32767 -12345
39 -32768 100
39 16384 -30000
39 -16384 -24000
39 12345 25000
39 -12345 30000
39 24000 24000
39 -24000 -16384
39 25000 2
39 -25000 1
39 30000 -7733
39 -30000 -25000
39 -17217 32767
39 -10367 -24611
39 -8646 -1
39 -11298 -8698
39 11308 32145
39 11562 -2
40 0 -32768
40 1 -22987
40 -1 -24000
40 2 32767
40 -2 -100
40 100 18326
40 -100 24000
40 32767 30748
40 -32768 30000
40 16384 29332
40 -16384 -2
40 12345 2
40 -12345 12345
40 24000 -28639
40 -24000 100
40 25000 -19489
40 -25000 -16384
40 30000 -12345
40 -30000 0
40 12512 -25000
40 -19376 25000
40 -2171 16384
40 -15530 1
40 -303 -1
40 -10065 -30000
41 0 25000
41 1 12807
41 -1 -25000
41 2 -30000
41 -2 -100
41 100 8719
41 -100 -32767
41 32767 1
41 -32767 32767
41 16384 -1
41 -16384 -19431
41 12345 2
41 -12345 30000
41 24000 16384
41 -24000 9963
41 25000 -2
41 -25000 100
41 30000 -24000
41 -30000 -6384
41 -15725 12637
41 9575 0
41 25056 -12345
41 21382 24000
41 -10058 -16384
41 -13070 12345
42 0 -32768
42 1 2
42 -1 0
42 2 30001
42 -2 -2
42 100 -1
42 -100 -16384
42 32767 24001
42 -32768 12345
42 16385 1113
42 -16384 -30001
42 12345 1
42 -12345 -24001
42 24001 32767
42 -24001 11163
42 25001 25001
42 -25001 28825
42 30001 -100
42 -30001 -26968
42 -4305 16385
42 29320 -12345
42 -24768 12919
42 7962 100
42 -8280 -15883
42 -26910 -25001
43 0 0
43 1 24001
43 -1 -4658
43 2 -11475
43 -2 25001
43 100 -12345
43 -100 -13719
43 32767 -100
43 -32768 2
43 16385 30001
43 -16384 -2
43 12345 -1
43 -12345 574
43 24001 100
43 -24001 16385
43 25001 -18200
43 -25001 32767
43 30001 -25001
43 -30001 29843
43 16999 -32768
43 865 12345
43 29692 -30001
43 -5777 -24001
43 -17042 -16384
43 -1370 1
44 0 23999
44 1 -16383
44 -1 -29999
44 2 16384
44 -2 4247
44 100 -1
44 -100 100
44 32766 24999
44 -32767 -100
44 16384 -27460
44 -16383 8003
44 12345 3557
44 -12345 -12345
44 23999 12345
44 -23999 -28698
44 24999 1
44 -24999 -23999
44 29999 2707
44 -29999 -2
44 5148 0
44 28847 29999
44 14557 -32767
44 9549 -24999
44 -4180 2
44 -8644 32766
45 0 16384
45 1 12557
45 -1 23254
45 2 -16384
45 -2 4161
45 100 -30000
45 -100 32767
45 32767 26422
45 -32767 100
45 16384 -2204
45 -16384 -1
45 12345 24000
45 -12345 -12345
45 24000 -2
45 -24000 30000
45 25000 0
45 -25000 11030
45 30000 -25000
45 -30000 -24000
45 10562 -32767
45 -15952 25000
45 -30938 -100
45 -32590 2
45 -14701 12345
45 -2960 1
46 0 0
46 1 -24001
46 -1 30001
46 2 -2493
46 -2 16370
46 100 100
46 -100 16385
46 32767 2
46 -32768 -12345
46 16385 19568
46 -16384 12345
46 12345 12361
46 -12345 24001
46 24001 21739
46 -24001 1
46 25001 25001
46 -25001 -100
46 30001 -2
46 -30001 32767
46 -22407 -16384
46 -28337 -1
46 14002 -30001
46 19046 -32768
46 -7428 -25001
46 -13282 -963
47 0 -1
47 1 -1539
47 -1 11718
47 2 1
47 -2 100
47 100 16384
47 -100 12345
47 32767 -24000
47 -32768 -12345
47 16384 -9077
47 -16384 26564
47 12345 32410
47 -12345 25000
47 24000 0
47 -24000 -32768
47 25000 2
47 -25000 -30000
47 30000 30000
47 -30000 -25000
47 5600 -16586
47 5994 -100
47 -3467 24000
47 19878 -16384
47 22979 32767
47 -10064 -2
48 0 -1
48 1 -32768
48 -1 -2662
48 2 -2
48 -2 24000
48 100 4180
48 -100 30235
48 32767 -20323
48 -32768 10837
48 16384 -100
48 -16384 0
48 12345 -30000
48 -12345 16384
48 24000 12345
48 -24000 -24000
48 25000 -16384
48 -25000 30000
48 30000 -12345
48 -30000 100
48 21673 32767
48 25195 1
48 -32203 2
48 24521 25000
48 10609 565
48 -21026 -25000
49 0 22934
49 1 -12345
49 -1 -16384
49 2 -1
49 -2 16385
49 100 -2
49 -100 7148
49 32767 13845
49 -32768 -30001
49 16385 2
49 -16384 26112
49 12345 1
49 -12345 407
49 24001 -32768
49 -24001 -25001
49 25001 -100
49 -25001 32767
49 30001 -24001
49 -30001 24001
49 11796 0
49 23295 -19738
49 -4128 12345
49 -6490 100
49 -25441 25001
49 -20280 30001
50 0 100
50 1 24000
50 -1 32767
50 2 1
50 -2 16384
50 100 18609
50 -100 3863
50 32767 -32767
50 -32767 -30000
50 16384 -25000
50 -16384 25000
50 12345 -12345
50 -12345 -24000
50 24000 -2
50 -24000 12345
50 25000 22773
50 -25000 0
50 30000 14144
50 -30000 2
50 -8854 -100
50 -19926 6126
50 -7560 -16384
50 -23243 30000
50 -27035 26685
50 23629 -1
51 0 -24000
51 1 100
51 -1 -2
51 2 -16384
51 -2 24000
51 100 32767
51 -100 16384
51 32767 -12345
51 -32767 11168
51 16384 30074
51 -16384 2
51 12345 -20369
51 -12345 -9729
51 24000 -4262
51 -24000 -32767
51 25000 30000
51 -25000 1
51 30000 0
51 -30000 25000
51 -14682 -30000
51 -16912 20617
51 -5930 -100
51 -21437 -25000
51 4336 12345
51 -17060 -1
52 0 -16384
52 1 -4507
52 -1 16385
52 2 32032
52 -2 -2
52 100 -30001
52 -100 0
52 32767 2
52 -32768 -6500
52 16385 32767
52 -16384 30001
52 12345 12345
52 -12345 -1
52 24001 -100
52 -24001 -32768
52 25001 25001
52 -25001 100
52 30001 10274
52 -30001 -27673
52 -32259 -12345
52 15113 1
52 -4476 -30182
52 -2420 -24001
52 22841 -25001
52 -24424 24001
53 0 -25000
53 1 -8239
53 -1 25000
53 2 -32768
53 -2 2
53 100 -2
53 -100 -16384
53 32767 30456
53 -32768 100
53 16384 -30000
53 -16384 -11447
53 12345 0
53 -12345 -24000
53 24000 -100
53 -24000 -12345
53 25000 24000
53 -25000 -1055
53 30000 12345
53 -30000 32767
53 -2893 6008
53 -11112 -1
53 -7928 16384
53 -25588 1
53 -17391 30000
53 30757 21121
54 0 30000
54 1 -25000
54 -1 -11318
54 2 14617
54 -2 0
54 100 1
54 -100 -100
54 32767 -29342
54 -32767 -2634
54 16384 16384
54 -16384 100
54 12345 -32767
54 -12345 -24000
54 24000 25000
54 -24000 10809
54 25000 24000
54 -25000 -12345
54 30000 2
54 -30000 -1
54 -7907 -30000
54 14041 32767
54 -31331 -18170
54 14035 -2
54 -4802 -16384
54 -20080 12345
55 0 16385
55 1 32767
55 -1 24001
55 2 -25001
55 -2 -23724
55 100 0
55 -100 12345
55 32767 21550
55 -32768 -24001
55 16385 -100
55 -16384 -12345
55 12345 -1
55 -12345 25001
55 24001 1
55 -24001 -30001
55 25001 -16384
55 -25001 30001
55 30001 -2
55 -30001 -12009
55 -4778 2
55 -6609 -29320
55 9495 -32768
55 -13622 -21258
55 1507 23048
55 -1520 100
56 0 -12345
56 1 9510
56 -1 2
56 2 -19417
56 -2 -16384
56 100 32767
56 -100 12345
56 32767 24000
56 -32768 -25000
56 16384 -30000
56 -16384 0
56 12345 -2
56 -12345 25000
56 24000 100
56 -24000 1
56 25000 31766
56 -25000 -14654
56 30000 30000
56 -30000 16384
56 -8649 -24000
56 10208 -100
56 3124 24087
56 -11782 -32768
56 12417 -1
56 21374 11969
57 0 -6797
57 1 16384
57 -1 100
57 2 29999
57 -2 -100
57 100 -31593
57 -100 -16383
57 32766 -29999
57 -32767 23999
57 16384 0
57 -16383 32766
57 12345 -2
57 -12345 -19949
57 23999 1
57 -23999 -12345
57 24999 2
57 -24999 -24999
57 29999 19311
57 -29999 12345
57 20581 5450
57 -23283 -32767
57 -14581 -8882
57 -22478 24999
57 -174 -23999
57 30736 -1
58 0 -32767
58 1 -1216
58 -1 -16384
58 2 -24000
58 -2 -12345
58 100 12345
58 -100 -5254
58 32767 6650
58 -32767 -100
58 16384 32767
58 -16384 1
58 12345 -29639
58 -12345 -30000
58 24000 24000
58 -24000 -25000
58 25000 25000
58 -25000 2
58 30000 -11245
58 -30000 0
58 -12806 -1
58 -28943 -34
58 -24803 16384
58 -29366 100
58 25541 -2
58 -22008 30000
59 0 -16384
59 1 -25000
59 -1 -2
59 2 -24000
59 -2 -28920
59 100 -30000
59 -100 30000
59 32767 24459
59 -32768 -9722
59 16384 0
59 -16384 25000
59 12345 -1
59 -12345 24000
59 24000 12345
59 -24000 16384
59 25000 32767
59 -25000 -32768
59 30000 2
59 -30000 1
59 -11156 6133
59 16279 100
59 28736 -6320
59 -4375 11765
59 -20240 -100
59 964 -12345
60 0 23145
60 1 100
60 -1 -32767
60 2 10735
60 -2 -3224
60 100 12345
60 -100 -100
60 32767 30000
60 -32767 -24000
60 16384 -16384
60 -16384 24000
60 12345 10669
60 -12345 -2
60 24000 8777
60 -24000 1
60 25000 -12525
60 -25000 2
60 30000 -1
60 -30000 0
60 16746 -30000
60 -29879 25000
60 25891 -12345
60 3158 -25000
60 19275 16384
60 -8696 32767
61 0 3022
61 1 -8178
61 -1 -100
61 2 -16384
61 -2 -8908
61 100 100
61 -100 1
61 32767 18215
61 -32767 2
61 16384 16384
61 -16384 12345
61 12345 -2
61 -12345 -32767
61 24000 -3724
61 -24000 25000
61 25000 23908
61 -25000 24000
61 30000 0
61 -30000 -24000
61 -2667 -12345
61 -22291 -1
61 -31210 -25000
61 30676 32767
61 -23776 -30000
61 5448 30000
62 0 2
62 1 -16384
62 -1 -24000
62 2 -1
62 -2 32767
62 100 -12427
62 -100 -25000
62 32767 100
62 -32768 30000
62 16384 -13686
62 -16384 0
62 12345 28689
62 -12345 -29030
62 24000 -12345
62 -24000 16384
62 25000 25000
62 -25000 30708
62 30000 8341
62 -30000 24000
62 -17984 -32768
62 -6450 -2
62 2066 1
62 -8132 12345
62 31456 -100
62 -23292 -30000
63 0 -2
63 1 1
63 -1 -7209
63 2 32767
63 -2 30000
63 100 0
63 -100 -1
63 32767 -16384
63 -32768 2
63 16384 -30000
63 -16384 24000
63 12345 12170
63 -12345 29624
63 24000 -24000
63 -24000 12345
63 25000 100
63 -25000 -100
63 30000 25000
63 -30000 -12345
63 8621 -3365
63 12885 -25000
63 -907 -549
63 6238 30613
63 25463 -32768
63 26850 16384
