0 0 25000
0 1 30000
0 -1 1958
0 2 100
0 -2 32767
0 100 -24000
0 -100 -1
0 32767 2
0 -32768 -30000
0 16384 -25000
0 -16384 12345
0 12345 1
0 -12345 -2
0 24000 -100
0 -24000 -16384
0 25000 12673
0 -25000 16384
0 30000 -32768
0 -30000 31741
0 12039 -22585
0 1934 0
0 -25222 14384
0 21136 1465
0 30212 -12345
0 -2726 24000
1 0 32767
1 1 -24000
1 -1 100
1 2 12345
1 -2 -32404
1 100 -32768
1 -100 -25000
1 32767 -14470
1 -32768 -16384
1 16384 13546
1 -16384 -100
1 12345 30000
1 -12345 24000
1 24000 0
1 -24000 -19575
1 25000 7413
1 -25000 2
1 30000 -12345
1 -30000 25000
1 -32121 -1
1 4485 16384
1 -2055 1
1 15428 -2
1 -21821 -30000
1 -6221 -22270
2 0 -14399
2 1 17133
2 -1 -1
2 2 100
2 -2 -12345
2 100 1
2 -100 12345
2 32767 532
2 -32768 -25000
2 16384 -32768
2 -16384 25000
2 12345 -11864
2 -12345 16384
2 24000 -24000
2 -24000 30000
2 25000 -2
2 -25000 0
2 30000 -100
2 -30000 32767
2 32213 -30000
2 -19483 -16384
2 -28735 24000
2 12566 2
2 -18809 -23741
2 -14887 -4030
3 0 -2
3 1 28626
3 -1 32767
3 2 -30000
3 -2 -32768
3 100 100
3 -100 10212
3 32767 -16384
3 -32768 -24000
3 16384 20700
3 -16384 -12345
3 12345 30000
3 -12345 -100
3 24000 -25000
3 -24000 0
3 25000 1
3 -25000 2
3 30000 12345
3 -30000 -1
3 1252 -15585
3 -6167 -5048
3 -19775 16384
3 29487 -15637
3 -15168 24000
3 8697 25000
4 0 22038
4 1 -7281
4 -1 -32768
4 2 -20334
4 -2 2880
4 100 12345
4 -100 25000
4 32767 0
4 -32768 -25000
4 16384 -30000
4 -16384 -100
4 12345 -2
4 -12345 100
4 24000 30000
4 -24000 32767
4 25000 -12345
4 -25000 -1
4 30000 24000
4 -30000 -16384
4 -15210 19639
4 -3107 10885
4 20187 16384
4 10986 1
4 -29625 2
4 -12837 -24000
5 0 -24000
5 1 1
5 -1 -16384
5 2 -12345
5 -2 25000
5 100 -32768
5 -100 -100
5 32767 2
5 -32768 32767
5 16384 12345
5 -16384 25350
5 12345 0
5 -12345 -30000
5 24000 100
5 -24000 25926
5 25000 10853
5 -25000 30000
5 30000 -25000
5 -30000 -2
5 -20227 7074
5 9003 24000
5 19952 16384
5 16899 9278
5 -11525 -1
5 14683 24888
6 0 -24000
6 1 17070
6 -1 24000
6 2 100
6 -2 12345
6 100 -12345
6 -100 -2
6 32767 -1
6 -32768 1
6 16384 -8308
6 -16384 0
6 12345 32767
6 -12345 -31433
6 24000 -32768
6 -24000 30000
6 25000 25000
6 -25000 11333
6 30000 1445
6 -30000 -100
6 -30173 2
6 15543 -30000
6 -26 -25000
6 -23299 16964
6 2222 16384
6 19161 -16384
7 0 -24000
7 1 -26686
7 -1 1
7 2 5924
7 -2 0
7 100 -12345
7 -100 2
7 32767 24000
7 -32768 -100
7 16384 30000
7 -16384 25446
7 12345 100
7 -12345 16384
7 24000 9737
7 -24000 -31616
7 25000 -25000
7 -25000 25000
7 30000 12345
7 -30000 -16384
7 -13722 -1
7 17404 -32768
7 -8473 -2
7 -17984 32767
7 -22932 6136
7 6597 -30000
8 0 24000
8 1 2
8 -1 100
8 2 30000
8 -2 32767
8 100 25000
8 -100 -32768
8 32767 -25000
8 -32768 -12345
8 16384 16000
8 -16384 1
8 12345 16384
8 -12345 0
8 24000 -11120
8 -24000 -24000
8 25000 -30381
8 -25000 -16384
8 30000 -100
8 -30000 -12629
8 3221 12345
8 -5973 -30000
8 -31799 -19242
8 13415 -1
8 -26763 16775
8 -20034 -2
9 0 100
9 1 25000
9 -1 2
9 2 16384
9 -2 -19800
9 100 -25000
9 -100 -12345
9 32767 -20314
9 -32768 -30000
9 16384 -5994
9 -16384 -16384
9 12345 -1
9 -12345 30000
9 24000 -32768
9 -24000 32767
9 25000 -100
9 -25000 0
9 30000 25204
9 -30000 29653
9 -10234 20184
9 1338 -24000
9 1150 24000
9 -15269 -2
9 -472 12345
9 -3505 1
10 0 -1
10 1 32767
10 -1 -24000
10 2 -5749
10 -2 -2
10 100 1034
10 -100 -100
10 32767 24000
10 -32768 1
10 16384 -24258
10 -16384 0
10 12345 12345
10 -12345 -25000
10 24000 16384
10 -24000 28036
10 25000 25000
10 -25000 -32768
10 30000 -12345
10 -30000 5395
10 -22216 -30000
10 -23212 30000
10 3110 2
10 18245 100
10 -16157 12736
10 -22881 -16384
11 0 -2
11 1 12223
11 -1 -30000
11 2 12345
11 -2 -7458
11 100 30000
11 -100 100
11 32767 16384
11 -32768 -16384
11 16384 -25000
11 -16384 32767
11 12345 25000
11 -12345 -1
11 24000 24000
11 -24000 -32768
11 25000 0
11 -25000 -12345
11 30000 2
11 -30000 -25233
11 -7019 -23976
11 -27410 12373
11 16585 30942
11 -26390 -24000
11 25037 -100
11 -22234 1
12 0 -32768
12 1 1
12 -1 -30000
12 2 7629
12 -2 0
12 100 -16384
12 -100 -12345
12 32767 -2
12 -32768 30000
12 16384 28820
12 -16384 16384
12 12345 100
12 -12345 -25000
12 24000 25000
12 -24000 12345
12 25000 -24000
12 -25000 -100
12 30000 2
12 -30000 27951
12 23307 24000
12 -15239 27670
12 12953 32767
12 16551 -1
12 -1373 11539
12 -11463 -17476
13 0 0
13 1 -100
13 -1 24000
13 2 -29277
13 -2 30000
13 100 -12345
13 -100 12345
13 32767 17046
13 -32768 -1461
13 16384 -25000
13 -16384 16384
13 12345 -16384
13 -12345 -30000
13 24000 2
13 -24000 1
13 25000 -24000
13 -25000 25861
13 30000 -2
13 -30000 -32768
13 32368 398
13 15713 25000
13 -9189 -1
13 -27995 100
13 5330 27275
13 12044 32767
14 0 -16870
14 1 -16384
14 -1 24000
14 2 -2
14 -2 0
14 100 -100
14 -100 16384
14 32767 12345
14 -32768 19007
14 16384 -23745
14 -16384 100
14 12345 -32768
14 -12345 -25000
14 24000 32767
14 -24000 -7062
14 25000 2
14 -25000 -1
14 30000 25000
14 -30000 -2127
14 320 -24000
14 4033 -12345
14 -108 16387
14 -2663 -30000
14 8022 1
14 9251 30000
15 0 -2
15 1 -25000
15 -1 100
15 2 16384
15 -2 1
15 100 -32165
15 -100 -16384
15 32767 24000
15 -32768 25000
15 16384 572
15 -16384 21564
15 12345 7323
15 -12345 2
15 24000 -18966
15 -24000 30000
15 25000 32767
15 -25000 -24000
15 30000 12345
15 -30000 -30000
15 21704 -22145
15 15163 -32768
15 -25272 -1
15 14465 0
15 5945 -12345
15 -17349 -100
16 0 2
16 1 24000
16 -1 25000
16 2 24875
16 -2 -1
16 100 12345
16 -100 5109
16 32767 100
16 -32768 -30000
16 16384 -100
16 -16384 -2
16 12345 16384
16 -12345 -25000
16 24000 32767
16 -24000 -32768
16 25000 16918
16 -25000 -12345
16 30000 30000
16 -30000 -16384
16 11992 -28226
16 9457 -20628
16 -13828 19986
16 -9769 1
16 -19150 -24000
16 -17572 0
17 0 -12345
17 1 -100
17 -1 100
17 2 -1
17 -2 16384
17 100 2667
17 -100 -21736
17 32767 30000
17 -32768 25000
17 16384 -30000
17 -16384 -32768
17 12345 -9893
17 -12345 32767
17 24000 31299
17 -24000 1516
17 25000 12345
17 -25000 -2
17 30000 -16633
17 -30000 -16384
17 -25636 -24000
17 15577 0
17 -5095 1
17 28605 24000
17 16057 2
17 14598 -25000
18 0 -4539
18 1 -24000
18 -1 12345
18 2 -17667
18 -2 -25000
18 100 0
18 -100 14150
18 32767 -100
18 -32768 24000
18 16384 32642
18 -16384 100
18 12345 -1
18 -12345 -16384
18 24000 -12345
18 -24000 -30000
18 25000 2
18 -25000 1
18 30000 -2
18 -30000 5448
18 9031 32767
18 -11899 25000
18 31660 16384
18 -25137 -32768
18 -9270 -7054
18 10375 30000
19 0 -2
19 1 8042
19 -1 -16384
19 2 32767
19 -2 100
19 100 -32768
19 -100 25000
19 32767 -100
19 -32768 1
19 16384 -25000
19 -16384 22639
19 12345 22158
19 -12345 -25012
19 24000 16384
19 -24000 -1
19 25000 30000
19 -25000 -29324
19 30000 0
19 -30000 -24000
19 -27570 -12345
19 -26291 24000
19 15753 12345
19 23290 -22320
19 6754 2
19 -24742 -30000
20 0 27082
20 1 30000
20 -1 -100
20 2 -2
20 -2 16384
20 100 2
20 -100 12345
20 32767 -25000
20 -32768 32767
20 16384 -5216
20 -16384 -32768
20 12345 28958
20 -12345 -30000
20 24000 -24000
20 -24000 16123
20 25000 0
20 -25000 24000
20 30000 -12345
20 -30000 -19285
20 -20133 -22553
20 32267 1
20 15357 -16384
20 20779 25000
20 -8154 -1
20 -1520 100
21 0 100
21 1 -25000
21 -1 -24000
21 2 30000
21 -2 0
21 100 -12345
21 -100 -32768
21 32767 2
21 -32768 16384
21 16384 12345
21 -16384 -1
21 12345 14089
21 -12345 -30000
21 24000 1
21 -24000 -2
21 25000 -100
21 -25000 23368
21 30000 24000
21 -30000 32767
21 1317 -21938
21 -28711 -9771
21 -16330 31597
21 -8498 25000
21 -2631 -16384
21 -8516 -5864
22 0 -12345
22 1 2
22 -1 -25000
22 2 -30000
22 -2 -11285
22 100 25024
22 -100 12345
22 32767 -16384
22 -32768 30000
22 16384 -1
22 -16384 24000
22 12345 16384
22 -12345 -5923
22 24000 100
22 -24000 1
22 25000 -24000
22 -25000 -100
22 30000 -32768
22 -30000 0
22 -8418 25000
22 -9682 -16783
22 -14967 -2
22 -25097 32767
22 -8675 -3553
22 -15647 26905
23 0 5826
23 1 24000
23 -1 -12345
23 2 2
23 -2 -2
23 100 25000
23 -100 -24000
23 32767 1
23 -32768 -32326
23 16384 10201
23 -16384 -25000
23 12345 -16384
23 -12345 -32768
23 24000 16384
23 -24000 12861
23 25000 32767
23 -25000 -30000
23 30000 0
23 -30000 30000
23 3717 28669
23 11211 -100
23 11014 27977
23 26975 100
23 31625 12345
23 5869 -1
24 0 1
24 1 -32768
24 -1 12345
24 2 -18202
24 -2 -16384
24 100 24000
24 -100 10774
24 32767 25000
24 -32768 100
24 16384 0
24 -16384 -100
24 12345 2
24 -12345 -1
24 24000 16384
24 -24000 -30000
24 25000 -24242
24 -25000 -18963
24 30000 9791
24 -30000 -25000
24 31358 -2
24 -1065 32767
24 -18983 -12345
24 12261 30000
24 22022 6019
24 3849 -24000
25 0 -2
25 1 2
25 -1 -100
25 2 30000
25 -2 28596
25 100 32767
25 -100 -25000
25 32767 2221
25 -32768 -24180
25 16384 13931
25 -16384 2936
25 12345 24000
25 -12345 1
25 24000 -16384
25 -24000 100
25 25000 -1
25 -25000 3613
25 30000 -30000
25 -30000 16384
25 -18647 -24000
25 -10947 -32768
25 -1134 0
25 334 12345
25 -23175 25000
25 -14063 -12345
26 0 0
26 1 -2
26 -1 -24000
26 2 30000
26 -2 21705
26 100 -12345
26 -100 -12403
26 32767 -100
26 -32768 100
26 16384 24000
26 -16384 32767
26 12345 -1
26 -12345 -10509
26 24000 25000
26 -24000 20564
26 25000 -16384
26 -25000 -32768
26 30000 -7116
26 -30000 9125
26 -23697 -25000
26 31708 12345
26 -6998 1
26 -31810 16384
26 -8106 -30000
26 26631 2
27 0 2
27 1 2149
27 -1 -100
27 2 100
27 -2 5180
27 100 -16384
27 -100 6183
27 32767 -25000
27 -32768 32767
27 16384 -32768
27 -16384 24000
27 12345 25000
27 -12345 -12345
27 24000 -32470
27 -24000 12345
27 25000 -1
27 -25000 16384
27 30000 -2
27 -30000 30000
27 -32765 -24000
27 7574 4074
27 -17308 0
27 25249 -30000
27 -6759 -11581
27 22686 1
28 0 -100
28 1 8298
28 -1 -1
28 2 30000
28 -2 10010
28 100 -2
28 -100 24000
28 32767 12345
28 -32768 -30000
28 16384 1
28 -16384 0
28 12345 -118
28 -12345 -16384
28 24000 25000
28 -24000 100
28 25000 -24000
28 -25000 -32768
28 30000 -25000
28 -30000 16384
28 30956 5458
28 -27826 2
28 8258 32767
28 19502 -12345
28 26910 -2259
28 -27001 -9976
29 0 -24000
29 1 15199
29 -1 24000
29 2 -100
29 -2 0
29 100 25000
29 -100 -25000
29 32767 -32768
29 -32768 100
29 16384 30000
29 -16384 32767
29 12345 16384
29 -12345 31749
29 24000 2
29 -24000 1
29 25000 -30000
29 -25000 -2
29 30000 -1
29 -30000 -12345
29 -12414 12345
29 -16849 29162
29 26304 -16384
29 -8768 -19765
29 2791 27408
29 27908 -23828
30 0 24000
30 1 -16384
30 -1 32767
30 2 -12772
30 -2 -25000
30 100 100
30 -100 1
30 32767 12345
30 -32768 -20753
30 16384 -100
30 -16384 -24000
30 12345 -2
30 -12345 16384
30 24000 -14137
30 -24000 30000
30 25000 -12720
30 -25000 2
30 30000 -11182
30 -30000 0
30 -22323 -12345
30 -21965 25000
30 17361 -32768
30 -5005 -1
30 -21426 -30000
30 -21321 7627
31 0 16403
31 1 28646
31 -1 -100
31 2 16167
31 -2 20524
31 100 -12345
31 -100 12345
31 32767 32767
31 -32768 25000
31 16384 -30000
31 -16384 -16384
31 12345 1
31 -12345 -24000
31 24000 -5588
31 -24000 100
31 25000 -32768
31 -25000 2
31 30000 -25000
31 -30000 -2
31 2891 0
31 27416 30000
31 29284 19650
31 22490 16384
31 12258 -1
31 5999 24000
32 0 1730
32 1 32767
32 -1 -32768
32 2 100
32 -2 0
32 100 12345
32 -100 -12345
32 32767 -24000
32 -32768 -1
32 16384 30000
32 -16384 25000
32 12345 -25786
32 -12345 -2
32 24000 -4275
32 -24000 -30000
32 25000 -100
32 -25000 -18781
32 30000 1
32 -30000 -16384
32 -16634 16384
32 12692 -25000
32 8067 -8537
32 909 24000
32 -10199 -19519
32 26314 2
33 0 -32627
33 1 30000
33 -1 -2
33 2 31782
33 -2 30410
33 100 -16384
33 -100 10103
33 32767 25000
33 -32768 -100
33 16384 1
33 -16384 24000
33 12345 -30000
33 -12345 -12345
33 24000 -32768
33 -24000 -27268
33 25000 32767
33 -25000 16384
33 30000 11692
33 -30000 100
33 -28470 12345
33 9172 2
33 -12123 -24000
33 -16518 -25000
33 -25177 -1
33 13110 0
34 0 -30000
34 1 -24000
34 -1 -16384
34 2 16967
34 -2 2
34 100 -14073
34 -100 12345
34 32767 -12345
34 -32768 16751
34 16384 16384
34 -16384 100
34 12345 1
34 -12345 -25000
34 24000 32767
34 -24000 24000
34 25000 25000
34 -25000 30000
34 30000 19585
34 -30000 0
34 -13612 -2
34 -400 31540
34 25390 -19862
34 -17601 -100
34 -29593 -1
34 10673 -32768
35 0 9386
35 1 25000
35 -1 30000
35 2 -12345
35 -2 0
35 100 16384
35 -100 -31920
35 32767 32767
35 -32768 27439
35 16384 -21648
35 -16384 -2
35 12345 -1
35 -12345 -25000
35 24000 24000
35 -24000 -30000
35 25000 1
35 -25000 -24000
35 30000 26795
35 -30000 2
35 17753 32213
35 17042 12345
35 -2114 -100
35 -28123 -16384
35 -912 100
35 -27267 -32768
36 0 22816
36 1 16384
36 -1 0
36 2 12345
36 -2 -25000
36 100 2
36 -100 5195
36 32767 -100
36 -32768 -716
36 16384 1
36 -16384 -24000
36 12345 -30734
36 -12345 100
36 24000 -16384
36 -24000 -1
36 25000 -2
36 -25000 32767
36 30000 24000
36 -30000 30000
36 16809 -12345
36 -32226 -22986
36 -20035 -17612
36 -20641 25000
36 -16509 -30000
36 -15509 -32768
37 0 -24000
37 1 17267
37 -1 24000
37 2 6523
37 -2 -1
37 100 -25000
37 -100 0
37 32767 16384
37 -32768 -100
37 16384 -2
37 -16384 1
37 12345 25000
37 -12345 -30000
37 24000 30000
37 -24000 12527
37 25000 -30138
37 -25000 -32768
37 30000 2
37 -30000 -16384
37 -1818 -12345
37 31966 -5097
37 11237 100
37 20905 32767
37 31373 12345
37 25605 24365
38 0 -8853
38 1 21796
38 -1 1
38 2 32767
38 -2 0
38 100 -32768
38 -100 -12345
38 32767 12345
38 -32768 -25000
38 16384 -1
38 -16384 -16384
38 12345 30000
38 -12345 -2
38 24000 -1338
38 -24000 24000
38 25000 -24000
38 -25000 -31958
38 30000 16384
38 -30000 19163
38 20837 100
38 -8139 25000
38 573 -3605
38 -23755 -30000
38 8606 2
38 28153 -100
39 0 12345
39 1 0
39 -1 31604
39 2 -100
39 -2 -32768
39 100 16384
39 -100 -13134
39 32767 -12345
39 -32768 100
39 16384 -30000
39 -16384 -24000
39 12345 25000
39 -12345 30000
39 24000 24000
39 -24000 -16384
39 25000 2
39 -25000 1
39 30000 -7733
39 -30000 -25000
39 -17217 32767
39 -10367 -24611
39 -8646 -1
39 -11298 -8698
39 11308 32145
39 11562 -2
40 0 -32768
40 1 -22987
40 -1 -24000
40 2 32767
40 -2 -100
40 100 18326
40 -100 24000
40 32767 30748
40 -32768 30000
40 16384 29332
40 -16384 -2
40 12345 2
40 -12345 12345
40 24000 -28639
40 -24000 100
40 25000 -19489
40 -25000 -16384
40 30000 -12345
40 -30000 0
40 12512 -25000
40 -19376 25000
40 -2171 16384
40 -15530 1
40 -303 -1
40 -10065 -30000
41 0 25000
41 1 12807
41 -1 -25000
41 2 -30000
41 -2 -100
41 100 8719
41 -100 -32768
41 32767 1
41 -32768 32767
41 16384 -1
41 -16384 -19431
41 12345 2
41 -12345 30000
41 24000 16384
41 -24000 9963
41 25000 -2
41 -25000 100
41 30000 -24000
41 -30000 -6384
41 -15725 12637
41 9575 0
41 25056 -12345
41 21382 24000
41 -10058 -16384
41 -13070 12345
42 0 -32768
42 1 2
42 -1 0
42 2 30000
42 -2 -2
42 100 -1
42 -100 -16384
42 32767 24000
42 -32768 12345
42 16384 1113
42 -16384 -30000
42 12345 1
42 -12345 -24000
42 24000 32767
42 -24000 11163
42 25000 25000
42 -25000 28824
42 30000 -100
42 -30000 -26967
42 -4305 16384
42 29319 -12345
42 -24767 12919
42 7962 100
42 -8280 -15883
42 -26909 -25000
43 0 0
43 1 24000
43 -1 -4658
43 2 -11475
43 -2 25000
43 100 -12345
43 -100 -13719
43 32767 -100
43 -32768 2
43 16384 30000
43 -16384 -2
43 12345 -1
43 -12345 574
43 24000 100
43 -24000 16384
43 25000 -18199
43 -25000 32767
43 30000 -25000
43 -30000 29842
43 16998 -32768
43 865 12345
43 29691 -30000
43 -5777 -24000
43 -17041 -16384
43 -1370 1
44 0 24000
44 1 -16384
44 -1 -30000
44 2 16384
44 -2 4247
44 100 -1
44 -100 100
44 32767 25000
44 -32768 -100
44 16384 -27461
44 -16384 8003
44 12345 3557
44 -12345 -12345
44 24000 12345
44 -24000 -28699
44 25000 1
44 -25000 -24000
44 30000 2707
44 -30000 -2
44 5148 0
44 28848 30000
44 14557 -32768
44 9549 -25000
44 -4180 2
44 -8644 32767
45 0 16384
45 1 12557
45 -1 23254
45 2 -16384
45 -2 4161
45 100 -30000
45 -100 32767
45 32767 26422
45 -32768 100
45 16384 -2204
45 -16384 -1
45 12345 24000
45 -12345 -12345
45 24000 -2
45 -24000 30000
45 25000 0
45 -25000 11030
45 30000 -25000
45 -30000 -24000
45 10562 -32768
45 -15952 25000
45 -30938 -100
45 -32590 2
45 -14701 12345
45 -2960 1
46 0 0
46 1 -24000
46 -1 30000
46 2 -2493
46 -2 16370
46 100 100
46 -100 16384
46 32767 2
46 -32768 -12345
46 16384 19567
46 -16384 12345
46 12345 12361
46 -12345 24000
46 24000 21738
46 -24000 1
46 25000 25000
46 -25000 -100
46 30000 -2
46 -30000 32767
46 -22406 -16384
46 -28336 -1
46 14002 -30000
46 19045 -32768
46 -7428 -25000
46 -13282 -963
47 0 -1
47 1 -1539
47 -1 11718
47 2 1
47 -2 100
47 100 16384
47 -100 12345
47 32767 -24000
47 -32768 -12345
47 16384 -9077
47 -16384 26564
47 12345 32410
47 -12345 25000
47 24000 0
47 -24000 -32768
47 25000 2
47 -25000 -30000
47 30000 30000
47 -30000 -25000
47 5600 -16586
47 5994 -100
47 -3467 24000
47 19878 -16384
47 22979 32767
47 -10064 -2
48 0 -1
48 1 -32768
48 -1 -2662
48 2 -2
48 -2 24000
48 100 4180
48 -100 30235
48 32767 -20323
48 -32768 10837
48 16384 -100
48 -16384 0
48 12345 -30000
48 -12345 16384
48 24000 12345
48 -24000 -24000
48 25000 -16384
48 -25000 30000
48 30000 -12345
48 -30000 100
48 21673 32767
48 25195 1
48 -32203 2
48 24521 25000
48 10609 565
48 -21026 -25000
49 0 22933
49 1 -12345
49 -1 -16384
49 2 -1
49 -2 16384
49 100 -2
49 -100 7148
49 32767 13845
49 -32768 -30000
49 16384 2
49 -16384 26111
49 12345 1
49 -12345 407
49 24000 -32768
49 -24000 -25000
49 25000 -100
49 -25000 32767
49 30000 -24000
49 -30000 24000
49 11796 0
49 23294 -19737
49 -4128 12345
49 -6490 100
49 -25440 25000
49 -20279 30000
50 0 100
50 1 24000
50 -1 32767
50 2 1
50 -2 16384
50 100 18609
50 -100 3863
50 32767 -32768
50 -32768 -30000
50 16384 -25000
50 -16384 25000
50 12345 -12345
50 -12345 -24000
50 24000 -2
50 -24000 12345
50 25000 22773
50 -25000 0
50 30000 14144
50 -30000 2
50 -8854 -100
50 -19926 6126
50 -7560 -16384
50 -23243 30000
50 -27035 26685
50 23629 -1
51 0 -24000
51 1 100
51 -1 -2
51 2 -16384
51 -2 24000
51 100 32767
51 -100 16384
51 32767 -12345
51 -32768 11168
51 16384 30074
51 -16384 2
51 12345 -20369
51 -12345 -9729
51 24000 -4262
51 -24000 -32768
51 25000 30000
51 -25000 1
51 30000 0
51 -30000 25000
51 -14682 -30000
51 -16912 20617
51 -5930 -100
51 -21437 -25000
51 4336 12345
51 -17060 -1
52 0 -16384
52 1 -4507
52 -1 16384
52 2 32031
52 -2 -2
52 100 -30000
52 -100 0
52 32767 2
52 -32768 -6500
52 16384 32767
52 -16384 30000
52 12345 12345
52 -12345 -1
52 24000 -100
52 -24000 -32768
52 25000 25000
52 -25000 100
52 30000 10274
52 -30000 -27672
52 -32258 -12345
52 15113 1
52 -4476 -30181
52 -2420 -24000
52 22840 -25000
52 -24423 24000
53 0 -25000
53 1 -8239
53 -1 25000
53 2 -32768
53 -2 2
53 100 -2
53 -100 -16384
53 32767 30456
53 -32768 100
53 16384 -30000
53 -16384 -11447
53 12345 0
53 -12345 -24000
53 24000 -100
53 -24000 -12345
53 25000 24000
53 -25000 -1055
53 30000 12345
53 -30000 32767
53 -2893 6008
53 -11112 -1
53 -7928 16384
53 -25588 1
53 -17391 30000
53 30757 21121
54 0 30000
54 1 -25000
54 -1 -11318
54 2 14617
54 -2 0
54 100 1
54 -100 -100
54 32767 -29342
54 -32768 -2634
54 16384 16384
54 -16384 100
54 12345 -32768
54 -12345 -24000
54 24000 25000
54 -24000 10809
54 25000 24000
54 -25000 -12345
54 30000 2
54 -30000 -1
54 -7907 -30000
54 14041 32767
54 -31331 -18170
54 14035 -2
54 -4802 -16384
54 -20080 12345
55 0 16384
55 1 32767
55 -1 24000
55 2 -25000
55 -2 -23723
55 100 0
55 -100 12345
55 32767 21549
55 -32768 -24000
55 16384 -100
55 -16384 -12345
55 12345 -1
55 -12345 25000
55 24000 1
55 -24000 -30000
55 25000 -16384
55 -25000 30000
55 30000 -2
55 -30000 -12009
55 -4778 2
55 -6609 -29319
55 9495 -32768
55 -13622 -21257
55 1507 23047
55 -1520 100
56 0 -12345
56 1 9510
56 -1 2
56 2 -19417
56 -2 -16384
56 100 32767
56 -100 12345
56 32767 24000
56 -32768 -25000
56 16384 -30000
56 -16384 0
56 12345 -2
56 -12345 25000
56 24000 100
56 -24000 1
56 25000 31766
56 -25000 -14654
56 30000 30000
56 -30000 16384
56 -8649 -24000
56 10208 -100
56 3124 24087
56 -11782 -32768
56 12417 -1
56 21374 11969
57 0 -6797
57 1 16384
57 -1 100
57 2 30000
57 -2 -100
57 100 -31594
57 -100 -16384
57 32767 -30000
57 -32768 24000
57 16384 0
57 -16384 32767
57 12345 -2
57 -12345 -19950
57 24000 1
57 -24000 -12345
57 25000 2
57 -25000 -25000
57 30000 19312
57 -30000 12345
57 20582 5450
57 -23284 -32768
57 -14581 -8882
57 -22479 25000
57 -174 -24000
57 30737 -1
58 0 -32768
58 1 -1216
58 -1 -16384
58 2 -24000
58 -2 -12345
58 100 12345
58 -100 -5254
58 32767 6650
58 -32768 -100
58 16384 32767
58 -16384 1
58 12345 -29639
58 -12345 -30000
58 24000 24000
58 -24000 -25000
58 25000 25000
58 -25000 2
58 30000 -11245
58 -30000 0
58 -12806 -1
58 -28943 -34
58 -24803 16384
58 -29366 100
58 25541 -2
58 -22008 30000
59 0 -16384
59 1 -25000
59 -1 -2
59 2 -24000
59 -2 -28920
59 100 -30000
59 -100 30000
59 32767 24459
59 -32768 -9722
59 16384 0
59 -16384 25000
59 12345 -1
59 -12345 24000
59 24000 12345
59 -24000 16384
59 25000 32767
59 -25000 -32768
59 30000 2
59 -30000 1
59 -11156 6133
59 16279 100
59 28736 -6320
59 -4375 11765
59 -20240 -100
59 964 -12345
60 0 23145
60 1 100
60 -1 -32768
60 2 10735
60 -2 -3224
60 100 12345
60 -100 -100
60 32767 30000
60 -32768 -24000
60 16384 -16384
60 -16384 24000
60 12345 10669
60 -12345 -2
60 24000 8777
60 -24000 1
60 25000 -12525
60 -25000 2
60 30000 -1
60 -30000 0
60 16746 -30000
60 -29879 25000
60 25891 -12345
60 3158 -25000
60 19275 16384
60 -8696 32767
61 0 3022
61 1 -8178
61 -1 -100
61 2 -16384
61 -2 -8908
61 100 100
61 -100 1
61 32767 18215
61 -32768 2
61 16384 16384
61 -16384 12345
61 12345 -2
61 -12345 -32768
61 24000 -3724
61 -24000 25000
61 25000 23908
61 -25000 24000
61 30000 0
61 -30000 -24000
61 -2667 -12345
61 -22291 -1
61 -31210 -25000
61 30676 32767
61 -23776 -30000
61 5448 30000
62 0 2
62 1 -16384
62 -1 -24000
62 2 -1
62 -2 32767
62 100 -12427
62 -100 -25000
62 32767 100
62 -32768 30000
62 16384 -13686
62 -16384 0
62 12345 28689
62 -12345 -29030
62 24000 -12345
62 -24000 16384
62 25000 25000
62 -25000 30708
62 30000 8341
62 -30000 24000
62 -17984 -32768
62 -6450 -2
62 2066 1
62 -8132 12345
62 31456 -100
62 -23292 -30000
63 0 -2
63 1 1
63 -1 -7209
63 2 32767
63 -2 30000
63 100 0
63 -100 -1
63 32767 -16384
63 -32768 2
63 16384 -30000
63 -16384 24000
63 12345 12170
63 -12345 29624
63 24000 -24000
63 -24000 12345
63 25000 100
63 -25000 -100
63 30000 25000
63 -30000 -12345
63 8621 -3365
63 12885 -25000
63 -907 -549
63 6238 30613
63 25463 -32768
63 26850 16384
