64000 0
0 0
0 0
0 0
0 0
0 0
0 0
0 0
0 0
0 0
0 0
0 0
0 0
0 0
0 0
0 0
0 0
0 0
0 0
0 0
0 0
0 0
0 0
0 0
0 0
0 0
0 0
0 0
0 0
0 0
0 0
0 0
0 0
0 0
0 0
0 0
0 0
0 0
0 0
0 0
0 0
0 0
0 0
0 0
0 0
0 0
0 0
0 0
0 0
0 0
0 0
0 0
0 0
0 0
0 0
0 0
0 0
0 0
0 0
0 0
0 0
0 0
0 0
0 0
0 0
0 0
0 0
0 0
0 0
0 0
0 0
0 0
67106118 0
0 0
0 0
0 0
0 0
0 0
0 0
0 0
0 0
0 0
0 0
0 0
0 0
0 0
0 0
0 0
0 0
0 0
0 0
0 0
0 0
0 0
0 0
0 0
0 0
0 0
0 0
0 0
0 0
0 0
0 0
0 0
-1350 0
0 0
0 0
0 0
0 0
0 0
0 0
0 0
0 0
0 0
0 0
0 0
0 0
0 0
0 0
0 0
0 0
0 0
0 0
0 0
0 0
0 0
0 0
0 0
0 0
0 0
0 0
0 0
0 0
0 0
0 0
0 0
0 -1
0 0
0 0
0 0
0 0
0 0
0 0
0 0
0 0
0 0
0 0
0 0
0 0
0 0
0 0
0 0
-1352 0
0 0
0 0
0 0
0 0
0 0
0 0
0 0
0 0
0 0
0 0
0 0
0 0
0 0
0 0
0 0
0 0
0 0
0 0
0 0
0 0
0 0
0 0
0 0
0 0
0 0
0 0
0 0
0 0
0 0
0 0
0 0
67097928 0
0 0
0 0
0 0
0 0
0 0
0 0
0 0
0 0
194 -14
0 0
0 0
0 0
584 -3
0 0
0 0
0 0
-197 0
0 0
0 0
0 0
-396 -1
0 0
0 0
0 0
61 1
0 0
0 0
0 0
67098316 0
0 0
0 0
0 0
-385 0
0 0
0 0
0 0
-576 0
0 0
0 0
0 0
153 1
0 0
0 0
0 0
-1176 0
0 0
0 0
0 0
-393 1
0 0
0 0
0 0
275 0
0 0
0 0
0 0
-225 0
0 0
0 0
0 0
83 0
0 0
0 0
0 0
-569 0
0 0
0 0
0 0
817 0
0 0
0 0
0 0
-14 -15
0 0
621 -7
0 0
0 0
0 0
-239 -3
0 0
1 0
0 0
-635 -1
0 0
0 0
0 0
-574 -1
0 0
1 0
0 0
236 0
0 0
0 0
0 0
223 0
0 0
0 0
0 0
255 0
0 0
0 0
0 0
-202 0
0 0
1 0
0 0
-567 0
0 0
0 0
0 0
56 0
0 0
0 0
0 0
67094805 0
0 0
0 0
0 0
-378 0
0 0
0 0
0 0
-1534 0
0 0
0 0
0 0
160 0
0 0
0 0
0 0
648 0
0 0
0 0
0 0
-402 0
0 0
67105260 -14
0 0
0 0
0 0
-368 -3
0 0
0 0
0 0
-582 0
0 0
0 0
0 0
149 -1
0 0
0 0
0 0
375 1
0 0
0 0
0 0
-390 0
0 0
0 0
0 0
268 0
0 0
0 0
0 0
-242 0
0 0
0 0
0 0
-44 1
0 0
0 0
0 0
-580 0
0 0
0 0
0 0
817 1
0 0
0 0
0 0
224 0
0 0
0 0
0 0
390 0
0 0
0 0
0 0
-206 0
0 0
0 0
0 0
-380 0
0 0
0 0
0 0
63 0
0 0
0 0
0 0
-14 -15
0 0
-386 -7
0 0
0 0
0 0
-1526 -3
0 0
1 0
0 0
150 -1
0 0
0 0
0 0
-908 -1
0 0
1 0
0 0
-396 0
0 0
0 0
0 0
636 0
0 0
0 0
0 0
-239 0
0 0
0 0
0 0
-498 0
0 0
1 0
0 0
-586 0
0 0
0 0
0 0
221 0
0 0
0 0
0 0
217 0
0 0
0 0
0 0
447 0
0 0
0 0
0 0
-200 0
0 0
0 0
0 0
-574 0
0 0
0 0
0 0
74 0
0 0
0 0
0 0
67087847 0
2085486 4470628
-1052190 -3351863
3089057 -551907
4194355 -2685547
-1880797 9306922
3346143 1187652
-3557037 -2866061
994769 5226869
-5468578 5605539
-772815 5377740
-4547958 83589
-4439197 -7351582
-6489395 3390808
1861327 4648710
8364619 3702118
9629863 675584
-2045673 -2026542
-3348234 -3250468
-4075033 -2232388
-1215054 5618741
-4530533 5617635
2868036 -425172
2783825 -2488813
-1518708 6344308
-4435812 677483
1563991 4043592
-12026776 -11229969
3084090 9677575
-4296674 6007264
-1907386 3622670
-222854 3205455
-4686856 601694
4034655 4037995
-2646463 -3829206
-3267716 -4042149
-5653656 857688
-84064 -6621872
7235445 -6117213
-2931571 11501954
3534917 692908
3985110 2902281
-3258235 -6455048
-5277534 3508842
-1931474 59170
-3516235 4963305
-2810422 -1634931
-37387 -1120526
-1084161 587250
2019085 2437149
-9916463 3114103
-9171646 -80722
3128871 -5364824
-6802820 -4959937
7593718 -8598228
-6229829 4116353
-1150710 2683544
3217153 188769
-352612 -1305807
-5150712 -148730
6720435 2485421
8058292 10865698
-6337564 751908
-3776038 1166581
-660806 2218278
-7272309 -2914667
9332385 1053271
-2952244 -3916929
-3789858 -1842013
-5206941 882583
125910 -1456797
2789782 -1746876
8316851 4771030
-488027 -5396452
1047112 -765764
113491 -1388574
1205726 -3965309
12044158 -1158598
-13689829 5341864
1700387 -135802
1194694 469897
-2204980 -923858
2599180 -1208784
-8407649 -5773139
-343624 -884842
762095 7885367
2476089 1134864
-2393467 932664
5288336 -2418262
2281212 208323
10322030 -2707128
-9036231 -5052310
-725411 -5441988
3163688 -501715
-2303130 2626305
5355465 -4126069
-7938840 -8315816
-5669407 5415790
806097 -4019752
3531722 3611060
3475665 9800132
-1314787 8731926
-258501 6519041
9108024 -5622215
-5265176 8016028
-1784055 -2182769
2575434 -6131072
-5116053 -2656270
-1652396 -6031775
2148120 -2446315
-2834900 -2928624
9351546 -975729
1645799 808659
7295324 -6300604
6446300 -195263
5846394 -8359113
-1584212 6266447
-1850457 -4733591
-7502436 -1681300
-6071985 845140
10829312 -5531977
-1670595 -3168660
-2278683 3491652
25329 -1104391
2220529 8394553
-12426932 -4737836
-3340 2457047
-162894 -979992
-2771741 3112308
