1000 0
1000 0
1000 0
1000 0
1000 0
1000 0
1000 0
1000 0
1000 0
1000 0
1000 0
1000 0
1000 0
1000 0
1000 0
1000 0
1000 0
1000 0
1000 0
1000 0
1000 0
1000 0
1000 0
1000 0
1000 0
1000 0
1000 0
1000 0
1000 0
1000 0
1000 0
1000 0
1000 0
1000 0
1000 0
1000 0
1000 0
1000 0
1000 0
1000 0
1000 0
1000 0
1000 0
1000 0
1000 0
1000 0
1000 0
1000 0
1000 0
1000 0
1000 0
1000 0
1000 0
1000 0
1000 0
1000 0
1000 0
1000 0
1000 0
1000 0
1000 0
1000 0
1000 0
1000 0
1048576 0
741455 741455
0 1048576
-741455 741455
-1048576 0
-741455 -741455
0 -1048576
741455 -741455
1048576 0
741455 741455
0 1048576
-741455 741455
-1048576 0
-741455 -741455
0 -1048576
741455 -741455
1048576 0
741455 741455
0 1048576
-741455 741455
-1048576 0
-741455 -741455
0 -1048576
741455 -741455
1048576 0
741455 741455
0 1048576
-741455 741455
-1048576 0
-741455 -741455
0 -1048576
741455 -741455
1048576 0
741455 741455
0 1048576
-741455 741455
-1048576 0
-741455 -741455
0 -1048576
741455 -741455
1048576 0
741455 741455
0 1048576
-741455 741455
-1048576 0
-741455 -741455
0 -1048576
741455 -741455
1048576 0
741455 741455
0 1048576
-741455 741455
-1048576 0
-741455 -741455
0 -1048576
741455 -741455
1048576 0
741455 741455
0 1048576
-741455 741455
-1048576 0
-741455 -741455
0 -1048576
741455 -741455
1048576 0
741455 -741455
0 -1048576
-741455 -741455
-1048576 0
-741455 741455
0 1048576
741455 741455
1048576 0
741455 -741455
0 -1048576
-741455 -741455
-1048576 0
-741455 741455
0 1048576
741455 741455
1048576 0
741455 -741455
0 -1048576
-741455 -741455
-1048576 0
-741455 741455
0 1048576
741455 741455
1048576 0
741455 -741455
0 -1048576
-741455 -741455
-1048576 0
-741455 741455
0 1048576
741455 741455
1048576 0
741455 -741455
0 -1048576
-741455 -741455
-1048576 0
-741455 741455
0 1048576
741455 741455
1048576 0
741455 -741455
0 -1048576
-741455 -741455
-1048576 0
-741455 741455
0 1048576
741455 741455
1048576 0
741455 -741455
0 -1048576
-741455 -741455
-1048576 0
-741455 741455
0 1048576
741455 741455
1048576 0
741455 -741455
0 -1048576
-741455 -741455
-1048576 0
-741455 741455
0 1048576
741455 741455
1048576 0
-494295 924761
-582558 -871859
1043527 -102778
-401273 968758
-665210 -810560
1028428 -204567
-304386 1003425
-741455 -741455
1003425 -304386
-204567 1028428
-810560 -665210
968758 -401273
-102778 1043527
-871859 -582558
924761 -494295
0 1048576
-924761 -494295
871859 -582558
102778 1043527
-968758 -401273
810560 -665210
204567 1028428
-1003425 -304386
741455 -741455
304386 1003425
-1028428 -204567
665210 -810560
401273 968758
-1043527 -102778
582558 -871859
494295 924761
-1048576 0
494295 -924761
582558 871859
-1043527 102778
401273 -968758
665210 810560
-1028428 204567
304386 -1003425
741455 741455
-1003425 304386
204567 -1028428
810560 665210
-968758 401273
102778 -1043527
871859 582558
-924761 494295
0 -1048576
924761 494295
-871859 582558
-102778 -1043527
968758 401273
-810560 665210
-204567 -1028428
1003425 304386
-741455 741455
-304386 -1003425
1028428 204567
-665210 810560
-401273 -968758
1043527 102778
-582558 871859
-494295 -924761
1048576 0
-494295 -924761
-582558 871859
1043527 102778
-401273 -968758
-665210 810560
1028428 204567
-304386 -1003425
-741455 741455
1003425 304386
-204567 -1028428
-810560 665210
968758 401273
-102778 -1043527
-871859 582558
924761 494295
0 -1048576
-924761 494295
871859 582558
102778 -1043527
-968758 401273
810560 665210
204567 -1028428
-1003425 304386
741455 741455
304386 -1003425
-1028428 204567
665210 810560
401273 -968758
-1043527 102778
582558 871859
494295 -924761
-1048576 0
494295 924761
582558 -871859
-1043527 -102778
401273 968758
665210 -810560
-1028428 -204567
304386 1003425
741455 -741455
-1003425 -304386
204567 1028428
810560 -665210
-968758 -401273
102778 1043527
871859 -582558
-924761 -494295
0 1048576
924761 -494295
-871859 -582558
-102778 1043527
968758 -401273
-810560 -665210
-204567 1028428
1003425 -304386
-741455 -741455
-304386 1003425
1028428 -204567
-665210 -810560
-401273 968758
1043527 -102778
-582558 -871859
-494295 924761
1048576 0
1043527 102778
1028428 204567
1003425 304386
968758 401273
924761 494295
871859 582558
810560 665210
741455 741455
665210 810560
582558 871859
494295 924761
401273 968758
304386 1003425
204567 1028428
102778 1043527
0 1048576
-102778 1043527
-204567 1028428
-304386 1003425
-401273 968758
-494295 924761
-582558 871859
-665210 810560
-741455 741455
-810560 665210
-871859 582558
-924761 494295
-968758 401273
-1003425 304386
-1028428 204567
-1043527 102778
-1048576 0
-1043527 -102778
-1028428 -204567
-1003425 -304386
-968758 -401273
-924761 -494295
-871859 -582558
-810560 -665210
-741455 -741455
-665210 -810560
-582558 -871859
-494295 -924761
-401273 -968758
-304386 -1003425
-204567 -1028428
-102778 -1043527
0 -1048576
102778 -1043527
204567 -1028428
304386 -1003425
401273 -968758
494295 -924761
582558 -871859
665210 -810560
741455 -741455
810560 -665210
871859 -582558
924761 -494295
968758 -401273
1003425 -304386
1028428 -204567
1043527 -102778
1048576 0
1043527 -102778
1028428 -204567
1003425 -304386
968758 -401273
924761 -494295
871859 -582558
810560 -665210
741455 -741455
665210 -810560
582558 -871859
494295 -924761
401273 -968758
304386 -1003425
204567 -1028428
102778 -1043527
0 -1048576
-102778 -1043527
-204567 -1028428
-304386 -1003425
-401273 -968758
-494295 -924761
-582558 -871859
-665210 -810560
-741455 -741455
-810560 -665210
-871859 -582558
-924761 -494295
-968758 -401273
-1003425 -304386
-1028428 -204567
-1043527 -102778
-1048576 0
-1043527 102778
-1028428 204567
-1003425 304386
-968758 401273
-924761 494295
-871859 582558
-810560 665210
-741455 741455
-665210 810560
-582558 871859
-494295 924761
-401273 968758
-304386 1003425
-204567 1028428
-102778 1043527
0 1048576
102778 1043527
204567 1028428
304386 1003425
401273 968758
494295 924761
582558 871859
665210 810560
741455 741455
810560 665210
871859 582558
924761 494295
968758 401273
1003425 304386
1028428 204567
1043527 102778
-955977 929747
-90475 320498
295882 389833
24966 -366695
747160 -48185
180841 84478
79113 171646
-962994 247335
684296 -883343
248309 753152
-30825 907554
-585608 -660256
-348954 -597850
999629 531568
457719 1012563
255561 761929
1007003 429053
-856087 -897939
747380 -90538
-266156 -329236
-378349 -135742
4441 -369041
-703589 48154
443626 -236563
360123 -162788
310754 -907534
79322 451294
-145448 460765
922811 582183
-305090 371476
1028298 -159235
-760009 651639
-987648 613823
620132 156310
-376707 309622
855678 -230615
734458 -255385
-931521 -394551
673481 665166
-889676 196220
1029860 -526271
-362122 -810363
-599274 -341000
53766 -4441
-768103 842696
262292 495354
-142040 116689
671694 990322
-72903 956689
-37552 66711
549585 152405
-945139 752095
814588 -30132
144773 -889202
77177 -1022893
-199444 -360688
-640754 929908
40124 -451341
-852275 -799997
83254 -767294
-624130 -414490
400226 1032238
253466 213259
762547 19862
132107 -610297
-424003 -234601
-635939 737918
801209 535214
-817402 227520
828957 -894162
-765070 66846
317445 375642
1026875 -697392
575822 431867
-579768 -152373
369966 373311
86914 389454
439267 753137
-574404 584949
80460 -1008818
-159381 341598
-318062 -676573
-690822 610830
-93413 937634
-924588 773505
207955 224230
580369 -183527
-446770 -495000
-862183 1033707
-452243 -995931
636707 913535
714244 -540263
544945 559892
-581281 -17627
-686752 -766996
-88343 -410326
-398099 -883396
-993624 -969853
-493604 941576
-1023291 101798
577420 -562330
-122397 -754209
-586827 1029930
-97633 964915
-839316 -1017110
583140 -298649
884010 -613077
347046 -864209
-74235 274381
-549906 -983550
-720057 179630
20820 -993610
-336818 443137
-492817 740337
-652811 -852581
316263 -236514
-573119 -858844
201782 380185
274726 458096
587046 675547
247728 -518314
400038 -344288
-144553 -730350
-739877 885817
406412 -76469
-1047632 -818342
-353496 207279
-121446 -8503
0 0
0 0
0 0
0 0
0 0
0 0
0 0
0 0
0 0
0 0
0 0
0 0
0 0
0 0
0 0
0 0
0 0
0 0
0 0
0 0
0 0
0 0
0 0
0 0
0 0
0 0
0 0
0 0
0 0
0 0
0 0
0 0
0 0
0 0
0 0
0 0
0 0
0 0
0 0
0 0
0 0
0 0
0 0
0 0
0 0
0 0
0 0
0 0
0 0
0 0
0 0
0 0
0 0
0 0
0 0
0 0
0 0
0 0
0 0
0 0
0 0
0 0
0 0
0 0
0 0
0 0
0 0
0 0
0 0
0 0
0 0
0 0
0 0
0 0
0 0
0 0
0 0
0 0
0 0
0 0
0 0
0 0
0 0
0 0
0 0
0 0
0 0
0 0
0 0
0 0
0 0
0 0
0 0
0 0
0 0
0 0
0 0
0 0
0 0
0 0
0 0
0 0
0 0
0 0
0 0
0 0
0 0
0 0
0 0
0 0
0 0
0 0
0 0
0 0
0 0
0 0
0 0
0 0
0 0
0 0
0 0
0 0
0 0
0 0
0 0
0 0
0 0
0 0
