1 1
-2 -2
4 4
-8 -7
14 12
-25 -21
41 34
-65 -53
100 78
-148 -113
214 161
-304 -223
425 305
-591 -414
818 565
-1147 -788
1665 1163
-2674 -1988
20548 5318
2958 15395
961 1603
1392 2986
4320 -102
1470 8337
8320 1873
524 23709
-18179 480
-343 -2916
105 -2363
-1691 10238
-16122 -856
520 3208
-20252 -1315
476 -18828
5505 -649
-990 474
-12323 -574
-312 -20772
8612 -1113
-1934 -12045
16788 -870
1647 4513
-1156 2473
-1041 -13898
23785 1971
710 15210
2660 501
2620 10535
233 529
-2014 6879
9242 -287
495 24342
-21357 971
253 -4319
-3674 -484
-768 2944
-9500 486
-1998 2581
-21473 1168
-662 -20655
8929 1547
275 -899
-7388 -727
-709 -17148
5351 -205
1536 -12249
19425 -2147
75 8257
-3436 914
583 -8178
20986 264
-560 13405
6123 866
876 18145
-8659 -217
1915 378
7399 24
-2479 20678
-21080 -1206
0 -3055
-10307 104
-516 -3828
-7089 -2397
-2084 689
-22143 429
-503 -24785
11527 -960
645 -6685
-1267 -335
-155 -9843
3462 587
1360 -16098
26043 -1303
1416 14403
266 -676
221 -2040
13847 2093
-1361 11322
8619 970
282 21151
-14422 -209
1855 -1329
4461 -295
-779 16917
-17594 -726
-1325 -51
-15084 -844
473 -11979
788 -785
518 4099
-20819 -211
473 -22826
9474 -1311
-155 -7001
10493 -757
-1072 -2938
3120 1214
1752 -12786
25023 -1006
1332 16319
659 -310
1087 3481
9918 -63
1227 8695
10982 297
1391 24022
-20493 348
-276 -4300
-472 698
-397 12834
-14446 -958
-1121 836
-20331 -1488
250 -19401
5308 1231
-155 1566
-14525 -1509
1464 -20660
10446 -1542
167 -11896
15765 -1246
-235 2523
-49 -63
767 -13138
26101 329
116 16178
2275 -450
-1397 11228
390 -866
-1272 4043
7969 498
3617 23831
-23737 2563
-2394 -3893
-4640 1018
-235 3802
-11325 -1232
281 3759
-18825 -1544
739 -23970
7917 2417
1694 -1202
-8491 -447
-1722 -15520
7780 24
-779 -13141
22594 -571
9 9229
-1065 -593
1271 -10555
21981 1799
-99 13865
6904 -1916
561 17566
-7691 -212
914 -305
7099 -490
616 21370
-20019 653
-690 -1862
-12416 300
450 -4133
-6468 -757
-478 2287
-20163 2069
-712 -24288
8193 -2552
1459 -3607
-980 1511
1118 -9454
4121 2704
1204 -14555
23872 -2292
-1467 14870
-133 811
-1671 -4205
15459 423
560 11034
7716 230
2521 21358
-13369 1067
-1811 -98
5366 -1928
-1964 17969
-18762 -921
-1761 -493
-16008 77
306 -10673
-342 756
-117 1576
-18403 -506
-1481 -22499
9780 921
-431 -10774
7885 -923
-903 -2539
1644 -481
1457 -15838
25445 16
-233 15507
3153 854
542 3026
8429 1572
-1718 7863
8565 863
-50 25750
-17615 -437
360 -3386
-2007 54
-888 11827
-17608 -300
-619 -33
-17449 298
-1263 -17374
4875 -2568
268 2258
-12664 275
780 -20705
6258 -374
-62 -10740
15306 -509
783 2755
489 -892
-724 -10688
21869 -774
122 14971
3810 -303
-199 8790
-268 -797
-86 7006
9587 1026
778 25659
-22546 -237
624 -3317
-5485 -543
-558 4887
-11386 -614
729 1556
-21365 -1193
-182 -22508
9203 -1853
-882 -1845
-7037 274
575 -17368
6360 53
296 -13254
20314 -385
-2760 7975
-1092 838
370 -9530
19625 -614
-382 13280
6202 2053
-1028 17586
-7542 -170
-1016 250
7503 912
509 22882
-20246 1606
354 -2055
-9938 1764
-555 -5380
-6314 25
-517 3486
-20781 -1038
818 -24416
6822 1376
-2075 -4309
587 -2295
91 -10414
5190 -2974
-1394 -16345
24410 -1782
158 11561
132 2528
2595 -2692
16009 -610
-640 11064
10225 1831
-741 21760
-14774 -1758
1443 -584
5128 466
1141 18567
-21503 -687
-698 -844
-14772 -1878
-350 -11453
1617 2129
-523 2076
-18912 -907
80 -24308
9388 1599
1001 -6927
8234 -1039
671 -1682
2309 1028
-464 -15128
25657 408
639 16749
1921 1652
753 3396
7412 -497
1849 6565
7914 -740
2341 22799
-19102 -1446
-763 -3158
1657 -20
-1778 11851
-13038 656
1464 -1875
-17864 -403
369 -19141
5200 152
297 1955
-12900 -2276
-1795 -22174
7883 35
2908 -9029
14662 1028
-1972 4715
555 1360
-21 -14411
25324 -1688
-1034 17912
4846 -1435
912 10360
-2571 1062
1082 5148
10815 11
190 24038
-20413 825
-1842 -4522
-4553 1427
-1084 5191
-11211 300
1257 2630
-21678 472
28 -23347
7267 -761
1049 -624
-7409 -188
400 -15300
7598 677
1099 -14322
21791 -44
1107 8614
934 -753
-1743 -8728
20354 243
-1316 13288
5617 -1201
293 14854
-8778 948
-164 -561
7136 237
-4436 21153
-20582 -372
-1275 -1868
-10914 -712
136 -3189
-4446 683
-1321 139
-22496 240
-441 -25405
9333 452
1431 -4204
-453 126
-70 -8759
4655 -1640
478 -15951
24077 -160
461 11436
1953 -1520
568 -1265
14827 2057
-976 14389
8249 270
-2251 20653
-14737 523
353 -443
2342 7
-373 17816
-18333 973
395 -2081
-17990 -1813
-604 -11997
1474 -1253
-664 2165
-17048 -68
-1212 -25474
8112 186
939 -8313
7038 -628
464 -4376
245 295
287 -15310
26418 -1356
892 15946
2794 1222
-384 2503
5871 1731
1596 7336
8684 532
-629 24406
-18586 142
-883 -2643
403 -189
-267 10311
-13722 -840
-337 2249
-17221 -209
-476 -17545
4714 315
-1096 2408
-15106 1675
1999 -22341
8520 -687
1767 -12419
14928 -90
640 2870
-629 -1660
216 -13874
25966 1628
1425 15007
5018 -2399
-1214 9163
-1092 927
1375 6029
10994 593
112 24936
-21384 309
-547 -3392
-5708 -1829
-3568 5018
-9972 2326
-490 1914
-20589 -1457
423 -20990
7959 830
-956 -3101
-7912 -868
-293 -16197
5906 45
317 -14790
19385 779
1685 8344
926 540
400 -10339
20217 -71
1287 14097
7405 1889
-2909 16680
-4780 121
-1337 802
9407 1757
293 23077
-22485 -152
589 -2328
-9699 -1289
458 -2650
-5588 -1258
-2017 2552
-19115 -1696
-295 -24996
9804 -2422
2825 -3171
871 845
-492 -9143
1944 1504
-1247 -14761
24802 -535
-360 13876
-1587 1121
-829 -2671
12780 426
-362 11633
6530 -1068
202 20456
-14469 -362
-1936 -1968
4526 -795
2478 19084
-17965 831
-1646 -1486
-14683 -783
-243 -13895
-170 -301
1098 4764
-18327 -684
-1503 -24933
11089 -2967
373 -7922
8101 695
-1430 -2632
450 532
1869 -13832
24575 23
2029 13481
3991 -943
104 2648
7467 3083
-1524 9817
9760 395
-599 23399
-17931 2823
1511 -2153
-2372 1050
-3338 12489
-15133 1296
-320 -920
-18582 373
-2403 -17879
4378 -1127
161 916
-13237 1632
1161 -20765
8936 651
-176 -10620
13282 1567
2247 3282
-2073 -1007
1078 -13572
25105 -1435
-378 15782
2357 -580
-1624 8408
-962 -527
800 5163
9454 -234
-53 24301
-19511 -292
-22 -1670
-6906 994
-1516 3361
-7562 2314
2174 2781
-19308 407
-382 -22679
9176 -405
-1160 -1120
-7213 -2032
-941 -16350
6218 842
1043 -14836
18059 -1393
-1663 8665
-11 2163
-990 -10276
19419 382
920 12589
5698 -403
-830 14900
-7398 -2325
417 -322
6589 -771
-165 23709
-21301 -1701
-88 -1503
-10836 756
508 -6153
-4067 -679
-1817 4193
-20489 1904
-1594 -23421
8134 -456
635 -5458
442 -786
-1305 -7817
1472 -1247
-1194 -15646
25851 1178
743 13337
-714 -947
750 -5620
14342 -1473
605 11933
8174 -321
837 20390
-13363 257
-896 -3560
3330 629
-466 18170
-18301 255
1114 -3519
-13096 272
2291 -12119
1671 -1167
-369 2686
-18208 -1146
-869 -21501
8892 -1083
1227 -9664
8133 -962
1143 -2815
-44 2086
849 -13333
26751 -1202
1488 14186
1799 -37
-560 2845
7940 893
-278 6983
8648 1216
628 24415
-18632 -307
778 -3330
1792 -118
-1094 11512
-13731 1445
-441 -485
-18934 24
899 -19009
4119 -79
-1027 -937
-13831 -1016
271 -22212
8637 -330
1011 -11224
15445 777
448 2114
1958 1878
-42 -12354
22939 201
781 15860
4403 1479
-1117 9965
-1929 -31
-860 4567
9017 457
544 25114
-20516 18
-30 -4683
-5062 628
946 3980
-9600 784
138 1837
-21383 -2099
-1425 -24249
8283 609
2110 -1184
-6879 -1268
-143 -15199
6794 686
-100 -15322
21216 244
325 10204
740 -420
1833 -7679
22803 -871
1222 14685
5590 211
-1448 17259
-8868 -769
319 2192
7649 -835
1369 21228
-21142 -356
-619 -4611
-10126 -1430
682 -2349
-5386 1273
-1670 3579
-20493 -852
-1503 -26261
9466 -2235
31 -2338
596 1509
-211 -7892
5542 448
-358 -15703
23935 309
408 12879
1614 -2315
200 -4275
13684 1137
519 12223
8246 1205
-801 20039
-12120 153
432 -2852
4184 -1826
-1236 19328
-20276 1048
-112 -934
-16032 -45
-1746 -11746
1071 -1046
-442 1442
-18615 -873
83 -25032
9924 -439
1000 -7072
7257 432
1788 -3598
976 -2815
-2032 -15757
25684 -1195
-665 16132
3572 -123
-12 2730
5433 1052
1692 7548
10207 273
574 22092
-19312 -97
338 -4018
-1061 -1288
-814 10402
-14194 -646
-1101 3868
-19336 2225
1561 -18209
4345 -1198
647 1068
-14734 -856
-384 -21092
8155 1483
-500 -12323
15262 1841
-1644 3448
408 -246
828 -12175
25509 80
2453 15914
4303 74
336 11436
882 739
-1786 5337
11012 162
765 23445
-22354 2045
99 -1035
-6545 -371
-1068 2651
-8957 -1362
-69 3997
-20320 -1215
687 -22825
7394 -1349
-1612 -1009
-7818 1461
1025 -16011
6136 -2674
964 -14718
20106 -1268
2112 10022
147 -282
39 -9283
21099 862
574 15469
5523 240
1393 17844
-7754 2747
-415 840
7188 -1588
-2016 21787
-19355 1698
1040 -4157
-11432 -1600
-2187 -2979
-5061 857
360 897
-21385 -950
-1513 -23619
10055 473
428 -5026
170 -909
440 -8825
3184 -540
1531 -15321
25752 -365
-1072 12798
-520 1248
-354 -2417
13863 -769
-378 11948
7533 648
450 21634
-13301 2557
892 442
4719 188
-429 17487
-18638 121
-920 -316
-14909 -3803
1561 -13408
-1057 410
916 3196
-19369 -1900
1370 -24522
10665 -1371
732 -9724
8537 -1215
609 -4968
2110 -1128
130 -16399
25617 -1502
1244 14552
1585 714
2109 4113
6749 -267
-1127 9089
9984 463
59 22123
-17475 1579
1583 -1860
-638 268
603 13065
-13433 711
-1180 31
-18998 -10
-1051 -16193
4294 730
-1004 822
-14706 -953
-1066 -22335
7779 707
-1888 -12299
15437 -1252
-202 3458
1645 -260
-1173 -13284
23691 632
-5 17314
2934 1289
2265 10313
-1174 964
780 4788
8036 -302
989 23810
-19471 127
-1755 -4303
-7402 -114
1197 2387
-9391 2429
-748 2110
-20807 476
-1398 -21904
7171 595
-1592 884
-8856 -2590
336 -15064
5390 458
219 -15682
19375 -1683
1550 9306
555 -651
1811 -7130
20654 1333
62 14363
6171 285
576 15864
-7810 1908
1495 1742
6703 1676
-776 22399
-22371 -968
208 -2735
-10387 -668
-805 -4302
-4775 733
1625 4196
-17508 473
162 -23966
9702 476
218 -3171
758 -219
1744 -11391
3542 281
-1993 -16068
26405 -330
1328 13212
647 979
497 -5678
14813 -627
-973 13833
9542 -3
-1825 21321
-15149 -187
-1355 -1003
6142 541
1869 18721
-18002 1102
-1135 -1533
-15593 1422
-1447 -10550
-1137 39
308 2049
-18311 -845
1235 -24353
8869 -1209
-174 -7594
8201 -846
-434 -5796
-710 -996
483 -16087
26107 -1175
754 14166
1333 735
-1671 3416
7445 -1267
-1200 7299
10389 189
-523 23193
-18749 -537
1001 -810
-433 1504
291 11875
-15226 1796
-311 907
-19659 -390
-1602 -20025
6121 632
-36 157
-11627 -521
-1728 -22122
7593 -910
2169 -10827
13244 847
79 859
-124 -2053
-33 -14287
24202 -630
452 16456
5949 1267
631 12583
-375 313
-1305 5329
8871 639
-813 25322
-22005 2401
-2747 -1409
-4482 -1024
-902 3623
-9260 2573
75 1704
-21616 -193
922 -23429
6625 -303
1576 -1335
-7133 -1099
-861 -17539
5200 -1580
-784 -14192
19655 1096
2193 9892
396 -730
-1206 -10428
19841 266
1039 13939
6503 1929
-567 15614
-7563 -962
-818 1047
7436 -473
-393 21862
-20825 1089
-37 -2131
-9864 1886
103 -3725
-2809 1028
-2982 4352
-20291 -951
-195 -24166
7721 2125
-155 -6326
-912 -1158
-271 -9483
1991 -1205
1686 -14128
22389 -647
937 14139
594 693
-1391 -3701
14090 1406
1862 13355
8098 1792
-531 19882
-13393 -1966
-1179 -2102
5602 -797
-943 20471
-19033 -697
-1539 -1990
-15288 1158
-706 -11131
-1841 -520
1993 1527
-17364 169
1282 -22758
8445 -193
1568 -9156
8623 618
459 -3883
-385 1755
-1228 -14834
28100 1646
560 15585
1123 693
-1659 5130
6853 867
-832 7932
8870 169
559 24178
-18122 216
138 -2782
965 -667
1183 9954
-13298 1327
-499 -222
-18774 -477
-331 -16849
6345 -1747
-906 3855
-14987 -746
-331 -22859
8212 -915
-608 -11018
16187 -479
2536 1186
-36 -1438
1626 -13992
24138 49
403 16383
2342 1530
-1136 10091
-705 -222
-217 2513
7811 916
511 24812
-21088 107
-479 -2779
-6006 -499
212 6221
-12266 73
1238 866
-19641 -476
698 -23125
7577 -2306
-126 -473
-7863 493
864 -16108
5529 1433
-1425 -14656
22758 2099
745 10549
-1166 -2165
-1379 -7345
19886 -52
826 12873
8370 564
-207 15828
-8450 730
-95 1290
6550 263
-295 21432
-22272 -287
1073 -3934
-11342 546
1434 -5534
-4263 1301
-1015 1975
-21935 386
-95 -24188
9290 -1173
-401 -3617
904 -307
3443 -9814
3313 -2649
854 -13570
23552 -650
1036 13768
2 -683
-931 -2404
14380 1014
-367 10995
7730 -1965
-1205 19933
-14272 1588
96 -992
4800 600
-173 18782
-18489 -322
-2819 -2839
-14507 -2319
162 -11470
1327 -2020
990 1450
-18086 593
-1318 -21790
7036 605
-56 -9502
5047 41
1108 -643
1706 -261
20 -14432
28246 -1557
-454 14959
897 -2122
-1331 2917
6577 -35
1368 10228
7700 264
692 22333
-17677 1139
2228 -4097
-1311 670
384 11573
-14028 1226
884 -579
-18813 2041
440 -18507
5614 -896
-1750 2014
-14419 -211
1103 -21494
7169 -193
-1680 -11259
13276 -312
670 3170
-591 -295
-547 -13754
23591 326
214 13265
2685 264
-119 10015
1695 1464
1542 4407
9010 697
838 23999
-20733 -883
442 -2654
-5966 -239
681 5779
-9834 1265
-900 3358
-22664 193
628 -22082
8402 -1036
-1310 -1202
-8275 -628
-321 -19057
5008 174
-793 -13448
21430 63
2284 8962
-647 68
525 -8776
21233 -351
-5 15600
5911 -629
933 16355
-9214 23
568 2051
6384 2646
27 21802
-21159 81
-856 -695
-9271 1749
-1080 -4599
-4059 -1938
-403 1916
-20565 -1289
1426 -23917
11227 -2260
-722 -5700
-170 691
192 -10811
4941 274
2799 -15775
23113 121
-973 13655
1819 525
-265 -273
14445 190
3323 11605
10221 662
356 19609
-14100 306
-2227 -2205
1814 110
849 19116
-18164 -8
-262 -877
-14686 2528
1503 -11720
-500 -947
-1010 4613
-20479 1885
-24 -26096
8081 -69
1669 -7222
7883 -759
-1151 -3778
1265 -751
-79 -16608
25418 -112
-2034 15415
2469 -1394
-450 1789
6617 254
-142 7669
8888 529
-253 25683
-17866 1300
3383 -3426
1006 -825
875 10401
-15012 -277
955 791
-18627 -1990
1345 -18971
4001 -747
294 929
-13443 -761
-156 -22756
7177 -1204
288 -12152
15491 -536
1176 3749
-18 2055
-96 -13604
24166 820
-640 16158
3200 -125
-1696 11860
-188 1062
-994 3627
10785 1337
1669 22948
-21467 286
542 -2428
-4991 -488
1197 3739
-8225 21
-430 2581
-19548 -889
46 -23720
8712 -1006
253 -836
-6846 -223
223 -16322
5455 1129
-819 -11229
21049 -811
1449 9970
348 -213
711 -9616
20468 721
2629 13454
7050 -804
-309 15736
-7844 93
1345 1785
7175 1432
393 22390
-21458 671
465 -2139
-10950 -168
-995 -2580
-2483 -3045
277 3175
-19935 970
518 -25573
11091 -147
1060 -5471
-833 -448
248 -9536
6275 1532
848 -15305
21793 -715
-377 13347
3240 1781
-729 -2748
17333 199
236 10308
7666 -654
691 20257
-14058 1978
1649 -2973
5205 499
1524 18694
-18691 1036
879 273
-13632 1174
-1347 -11651
384 702
-667 3538
-19136 -1849
1324 -26987
8676 255
1543 -8894
5352 -590
-132 -2597
845 -816
2 -14572
27541 2712
-250 16266
677 313
1864 3190
8096 362
-233 7306
9116 576
-1306 23399
-16832 2205
-572 -203
-1435 -2337
229 9729
-13914 -749
-958 472
-17883 377
969 -17932
4142 700
-791 1335
-13496 -329
-631 -18112
6323 -289
-1151 -12473
16189 -2913
1085 4326
-741 724
509 -13796
25173 -115
1098 15453
5363 1960
-1851 8971
-654 -90
-1701 5839
11065 -1210
469 24671
-18862 -875
1118 -2564
-3113 -727
1739 1152
-11343 677
1437 3001
-20885 1680
7 -23782
9319 116
807 -1619
-7760 -1229
-174 -16016
6317 -2391
-235 -13482
21919 395
2245 5531
-370 298
608 -7221
20516 -2218
272 15192
5132 -70
-27 16172
-7455 2782
-749 1568
4724 -56
274 22030
-19564 982
185 -4857
-8766 1355
-1252 -3951
-4129 931
-90 2419
-20634 -870
-477 -23116
9990 -1067
1265 -3143
420 -1226
719 -10702
184 -317
-1520 -12654
23669 474
-188 14034
1368 1678
-988 -5443
15513 278
1139 10919
8898 -1464
943 23850
-12408 1911
-1074 -1311
3670 1539
410 17249
-16685 -121
880 -1892
-15294 -75
-1727 -11024
-2664 -984
285 2205
-19011 128
1273 -22971
9296 1522
-2067 -7163
6391 -354
-42 -467
2562 -325
-962 -15397
26985 -1265
2083 17387
429 1708
62 1890
7277 328
-490 9695
10148 1971
-1196 24121
-17491 1352
-389 -4660
-1237 1679
-585 11169
-14936 -557
-1587 -175
-19799 -2138
-629 -20277
4029 -1295
-2204 1637
-14188 235
1512 -22201
8515 -631
845 -12811
14339 -847
-1638 3859
-359 -656
-2113 -13947
23367 -11
759 18302
2977 -2293
677 8805
959 10
361 5862
8276 1898
1426 26696
-22153 -295
616 -1528
-5661 693
281 5783
-10307 -13
3 3361
-23092 -95
-1096 -22243
5787 -1719
-630 -2202
-5200 -1693
-401 -16465
7515 465
1152 -13098
21602 794
984 9106
782 -2230
-277 -8523
19177 377
-1651 12981
5275 -426
-177 15966
-8967 1497
-2383 974
6271 -525
-1285 22977
-20181 -2350
-1034 -3066
-8881 909
2624 -5777
-5315 -1779
-1554 5159
-20388 -894
-210 -23838
10141 -1618
-1947 -5161
-2224 -2293
1934 -11759
3400 -1578
507 -15902
25459 -44
-196 13283
-1181 -2798
-196 -2839
13543 -1229
-965 10769
8075 -1105
719 20559
-14763 -124
-519 62
4613 586
-1421 17926
-18929 -1483
372 -1848
-15731 -22
-1152 -11449
1676 765
515 2451
-18653 -783
250 -25348
9456 -1337
-461 -6607
7920 -961
310 -3011
2148 27
365 -14747
26006 2428
269 13429
2253 -113
18 4100
7331 526
-447 7189
7333 569
-2470 23544
-18610 997
523 -1997
-185 1594
-582 10844
-18994 -1943
1734 2872
-20750 -77
1147 -18439
4118 -1441
-103 -515
-13931 -764
-127 -20735
8369 -502
-512 -12764
13725 1686
3224 3757
-1764 -433
1350 -13399
26982 -1539
602 14902
4664 -634
-203 9190
-2273 1037
-1132 2772
8708 -726
1056 24725
-21782 -726
-1066 -4118
-4672 -384
-10 6479
-10322 106
-352 1001
-20500 -467
-1533 -24706
9020 237
-519 -1432
-7301 606
1024 -16014
5491 -506
68 -15658
20678 1680
165 7551
-653 1498
594 -6298
21591 -320
-775 14928
4727 -1326
-1985 16096
-7439 1173
-1259 -730
7310 -716
-1715 20214
-22497 -1581
682 -2839
-11472 1707
2275 -3366
-4827 857
463 2035
-19001 -2178
-238 -23956
9763 331
30 -4999
-1396 -418
1007 -10030
4251 -1684
279 -15912
25309 -551
1101 14284
349 718
2537 -3466
17006 -333
1507 12301
4947 -115
-162 19985
-13074 -128
-1822 -364
6221 1441
-34 17901
-19976 5
-73 -864
-14173 -217
1537 -13190
-283 -988
452 3743
-18939 -769
146 -25760
9947 -1370
824 -9393
9061 1384
1437 -2728
845 -2746
-1990 -16216
24555 -2570
522 15629
1606 -7
-861 4195
7956 345
-757 7218
7805 2124
517 23850
-16483 -481
254 -4458
249 3855
544 12707
-16879 1456
155 114
-17422 376
586 -19953
4875 -506
-901 -309
-14588 -3009
475 -21625
7986 -275
818 -11253
15978 -422
-72 3152
-179 -372
173 -14239
24320 -1505
372 15915
4542 -447
207 10338
647 946
-1198 4634
8999 1621
-1741 24247
-19624 751
1658 -3658
-4285 -2086
-985 4416
-10930 -438
358 1081
-19328 43
467 -21020
6915 -483
-2092 -2122
-5149 -115
-110 -14773
8268 -145
1392 -14038
19693 -2277
508 9250
623 1368
596 -8257
20092 120
1354 12010
7069 -751
158 14620
-7509 -194
402 2950
8725 1398
-1924 24152
-20265 -748
-1151 -2924
-12812 2213
-721 -3802
-4331 358
1014 3127
-22086 -529
301 -24491
8728 -925
1591 -5436
-2214 1500
2891 -9997
5686 1168
-48 -15624
24558 273
1462 12597
-1299 442
22 -4877
14176 -3183
350 12382
8401 1953
-1288 22955
-14350 295
-1268 85
5182 643
-44 18002
-20866 1337
-2735 1032
-16009 1475
-194 -12345
1227 -775
-1453 4138
-18062 1784
-1597 -23008
7288 -3296
140 -8442
7051 -2209
-1866 -531
1272 539
-1268 -13818
24028 1035
1270 17112
-14 863
755 3264
7875 578
229 8655
10119 1815
-1608 23230
-18384 1929
25 -2283
790 -847
-1681 11403
-16649 -284
-949 1234
-17758 865
1086 -18212
5458 577
-1292 2554
-15265 -513
-1446 -21856
9534 955
-1217 -13008
17303 -104
2434 3190
663 -1895
-273 -11931
23669 -175
-522 15893
3751 833
1302 8047
2132 289
-835 4578
7229 -627
592 24245
-22142 -1860
-1985 -2547
-4723 3345
-694 3590
-9305 1142
337 2840
-20583 888
-276 -22491
8304 -771
-146 -2230
-7899 -2746
1024 -15363
6581 266
-796 -13963
21542 -124
349 9917
2362 1995
1614 -8696
21333 -730
1264 14614
8744 -166
779 16955
-7795 1433
216 181
6549 1779
-152 24735
-22450 1494
-1605 -1642
-11470 -1442
772 -2146
-3408 -949
667 2499
-19850 -943
-1191 -23563
9801 -901
1367 -3158
-1768 -1261
2037 -8907
3822 -1430
1467 -17024
24153 198
405 12833
374 -1326
-461 -3108
15413 -1010
-1807 11281
10069 1220
-38 20138
-13140 -489
874 -179
2700 -186
1059 19398
-18902 69
-226 -2348
-13742 -1091
-1668 -12913
-1201 -1659
-1250 -155
-20727 591
-1270 -24107
10352 658
-434 -10329
6148 618
-385 -3366
2670 -1249
-159 -15454
25908 -1519
2018 14828
2792 -160
-388 4177
7649 -903
1090 7889
10163 -1408
-709 27032
-17327 -962
-2802 -3907
-536 887
-2321 9990
-13084 978
1767 20
-19065 394
-3062 -17706
6086 -2302
896 954
-13396 -1511
-1020 -21527
7162 -1426
-140 -13089
14612 756
-549 5397
86 257
1408 -13719
23490 277
190 16171
2015 -1742
1177 9269
735 -78
-436 5013
10067 -1240
237 24219
-19967 -2045
1046 -1818
-4615 1311
888 4306
-10875 -616
124 3114
-22358 1069
-1365 -21483
8935 -2
531 -1348
-6418 1221
425 -15333
7168 -395
1011 -15263
18516 1000
-434 9535
493 663
-435 -8349
22125 -1072
-298 15240
5785 353
-827 14822
-7812 665
-302 2603
7880 719
613 24154
-21205 -1513
-7 -3499
-9933 1137
851 -4288
-5336 -2339
1185 3746
-19772 1703
-1525 -23770
9153 -415
551 -4436
-982 -487
407 -9128
4618 -1225
343 -16021
25009 -547
938 13680
-802 459
1815 -5636
16695 32
1581 12374
6195 1600
837 18552
-14197 -172
-135 -987
3655 -931
1488 18607
-18679 -966
-585 -2427
-16191 -1075
1755 -10281
1721 -34
1268 2754
-16098 1017
-541 -24970
8464 -484
-2140 -7975
7905 699
643 -3872
2281 471
1605 -14479
25795 -162
-1676 16013
3019 -224
810 3553
8478 1153
161 9141
8481 -2009
824 24056
-18733 333
-346 -1450
982 1420
-686 10647
-14049 94
-150 2439
-20385 1062
-1981 -17918
4054 -714
2107 983
-14366 -1374
608 -22767
5793 766
-922 -10517
16640 -825
1609 5640
-303 -278
222 -12603
25988 -109
-143 16763
3975 1367
-1129 11050
-1036 1928
108 3724
10465 -1424
1275 23170
-21239 -844
-309 -3583
-3110 -823
-2223 2957
-11695 -643
-1452 3279
-22104 1833
-639 -23880
6107 1283
-1007 -709
-6782 962
461 -15409
4161 -714
1482 -15117
19955 726
-157 10203
1584 -567
2153 -9106
21370 -322
1611 15669
5327 -714
-1318 14428
-7950 355
-929 230
5995 537
-1933 22247
-20536 1666
-1552 -3762
-10149 -1746
337 -4887
-4558 -1867
-435 3858
-22496 2089
258 -25429
8103 -885
1108 -3879
-717 -745
-499 -9072
2624 -525
278 -14536
25513 -782
-219 11890
1173 -1141
1071 -3468
13401 -843
-63 12604
7828 822
783 21525
-13152 -1246
-387 821
3587 1827
-1585 18255
-18006 647
955 -305
-14245 328
-267 -12375
-178 -664
152 3475
-17314 714
608 -24729
10226 634
1993 -10039
8666 909
-252 -4784
-1194 1486
763 -15379
23110 -1761
598 16372
1572 -1024
326 4259
9647 1530
2645 7331
9288 -1477
150 23955
-17898 -664
-1997 -1817
-275 -2440
-352 11896
-15388 -557
-2263 1473
-17714 -52
-436 -19619
4610 -1420
-1032 567
-15024 -287
-1684 -23512
7239 1962
493 -12009
15200 -1138
433 1701
-385 -52
1096 -11915
26012 -228
-231 16438
4396 771
-80 7616
794 744
1433 2021
9743 507
465 24229
-22080 599
-2095 -1044
-4943 -1274
49 3740
-11696 -633
730 1864
-21394 16
214 -22314
7852 -1486
-515 -2171
-8808 252
1219 -14827
5379 870
1123 -15436
21733 501
53 6578
395 -1862
355 -8585
18240 -1993
187 13655
4849 -43
-272 16336
-6327 987
248 409
7485 2048
-602 23222
-22379 -534
66 -5694
-11548 35
-1857 -3550
-5638 387
-36 3242
-21033 806
-591 -23560
10317 -2454
-2065 -4810
-320 1360
1414 -8598
3486 -1786
-1052 -16962
27176 76
533 14446
-276 1101
-467 -4725
15523 2298
92 10135
7591 722
415 20656
-15027 2101
-936 -1640
4912 -1067
2037 18867
-18513 1142
-688 -801
-17791 -81
-1500 -11199
-418 -1289
85 3479
-17969 -1953
2227 -23145
9532 1301
-1957 -8327
6620 -271
163 -3678
1629 -177
1443 -15564
26276 308
-1968 17217
-327 3115
293 3805
8462 593
-742 9515
9136 683
-737 25965
-19284 3435
-2662 -2404
-318 -140
584 9465
-14066 -2047
-989 -67
-17826 970
-668 -17774
2548 -985
-103 1202
-16130 -2520
916 -19316
9716 -2629
-1471 -9895
13895 86
1765 5232
-786 -909
-2324 -14062
24164 927
-832 15425
3027 -142
1449 9990
-1030 2344
837 3982
9469 38
-2699 23023
-21068 556
-104 -5176
-5490 -1028
-1129 4273
-8347 -1466
912 2914
-22215 -160
72 -24199
6531 1756
1028 -422
-10145 -67
74 -18345
5131 1044
651 -14710
20274 -1513
-60 10319
215 -86
1838 -8784
20833 1239
-2478 13186
7267 1088
-1351 17839
-8333 811
85 210
10225 381
818 21711
-21697 2336
736 -1840
-11111 -1446
860 -3572
-4497 -1819
315 2402
-21319 -1242
1205 -26113
8456 -657
-812 -3006
-2572 2917
-282 -8150
4471 -1362
1178 -13502
24329 -1204
-7 11396
1393 -937
-1027 -4039
13517 272
-350 11477
7294 414
-264 21615
-14051 -196
610 -2500
2159 542
-1114 18435
-19300 -71
1404 -983
-16114 1538
-1805 -12960
530 -2089
-796 3139
-18463 -616
-2116 -23783
10599 809
931 -8471
7991 -1532
655 -2678
1250 -532
980 -15363
24721 1417
-329 15761
2173 -642
646 2091
6884 165
52 9846
9822 1301
330 24676
-16645 1238
-474 -5222
544 -1292
1078 13144
-16999 309
-810 -1161
-17892 -69
989 -17709
6129 -272
-22 1155
-13128 459
395 -21301
8581 -619
351 -13472
15386 -513
1223 4263
2401 -586
1266 -12068
24073 1251
-115 16915
2869 -226
1028 9604
-288 613
2210 3239
8988 1067
-103 23644
-21577 1646
-142 -2808
-3376 508
620 5051
-13074 -97
-1193 1790
-20052 -180
857 -21390
8224 -134
-180 -2172
-9455 -1383
595 -14492
4218 -436
-1500 -11749
21390 1232
-1749 11306
742 -1497
-1370 -7035
19814 395
232 14945
3929 1583
-202 15823
-9349 192
190 -1599
7819 1373
465 22373
-20747 1269
1026 -3439
-9752 378
-833 -3469
-5019 -1786
-183 4468
-22601 -506
804 -25261
8685 -654
-1394 -4535
1224 -1296
389 -11165
2454 -1603
-92 -15229
23629 -412
-947 12225
18 2109
-846 -3613
16823 1334
-702 12713
6583 -196
-1147 22459
-12472 1122
-485 -1692
5395 1713
513 18657
-19756 481
-1933 1071
-13839 635
-276 -11371
641 455
307 2244
-18666 -1494
52 -22069
10068 -207
697 -6743
9558 -1290
-826 -2961
1591 25
-1471 -13326
25611 155
299 15246
3408 8
-82 2665
6968 1170
352 8092
10200 1356
-560 24330
-20173 -948
-1430 -1310
-125 372
-760 9438
-15403 -1566
-2621 -481
-18710 -591
335 -18387
3404 -1566
1101 1279
-12865 -1232
-864 -22734
5993 1396
1344 -13246
13324 -1111
711 3248
-867 1102
-632 -14336
25787 245
492 16294
4643 -2275
701 11502
-15 2819
794 4700
8989 921
-2424 25153
-20980 -2727
29 -3250
-5584 362
1548 4266
-9486 1800
1815 3516
-18771 -2600
-414 -21712
7782 1886
303 -2841
-5938 49
-1159 -16412
5169 764
1847 -12807
21338 344
1187 8802
-1989 -144
-771 -8129
20656 -474
-1216 13641
5881 798
189 15361
-7492 1140
-691 -172
7175 1432
675 20403
-20484 1860
-2117 -2203
-12354 -1571
12 -3046
-3183 -255
-1199 1236
-19030 1074
-1662 -24814
8971 326
1195 -4527
533 -521
867 -8954
2330 225
-1476 -14622
25465 -277
129 11379
104 942
-277 -1693
13658 1681
656 12934
9228 -593
-1754 20175
-15047 602
-852 -125
2703 -1778
286 18900
-18342 -630
-1064 -1479
-14675 392
-2380 -10053
-1024 -2469
-2778 4007
-16553 1000
-400 -23405
8163 2643
408 -6489
7657 -948
-1135 -2627
1774 -686
-553 -15602
26520 1053
608 15471
1533 -750
394 2896
7134 -380
588 8444
10291 1767
-794 24300
-20154 65
193 -3110
267 1959
-1984 12709
-14514 -1302
186 625
-18784 1845
951 -18089
3081 -94
-739 1843
-15075 528
831 -20954
7516 -2865
-1245 -11143
16286 -1641
-670 1812
-1474 1247
1213 -12054
23426 -949
521 16197
3187 -21
1569 8541
-438 -1586
211 4080
9791 1900
-1900 23326
-21215 972
-1289 -2208
-3441 -359
-963 5980
-10089 -22
1212 2949
-20545 -773
425 -21520
6001 741
731 537
-5218 486
-2398 -17716
5224 -358
-1271 -14163
21038 497
-604 8454
-655 613
-618 -9465
20070 67
1658 14389
6028 637
-1005 16416
-8647 -154
1174 968
5699 983
-747 21769
-21061 -1327
538 -4209
-9222 -1284
-513 -3724
-5269 1481
1773 1863
-20018 99
594 -23013
10590 -712
312 -3714
-989 233
98 -11053
6085 -653
-108 -15665
24621 -986
510 13968
-314 -403
-1460 -3579
15677 -1494
1022 10563
8213 983
-206 17893
-16162 870
-511 -1332
3787 -923
1580 17066
-18239 664
-1857 -1002
-14984 -544
-527 -11984
1462 153
-848 5638
-17180 -2277
1397 -24439
8776 824
1475 -6884
7583 -171
200 -1035
512 -1006
-43 -16240
25013 194
1475 16985
1281 169
1825 5181
8604 2586
1832 6111
8836 537
-852 23159
-17488 65
-929 -4511
2100 -539
77 11842
-14503 742
-706 931
-19788 -552
-146 -18605
5513 -1617
-1086 3136
-14470 313
-661 -23114
7482 -113
-495 -9807
14687 149
774 1414
-545 -708
495 -14576
25937 855
1355 15758
3388 429
-460 10285
651 -717
-598 5166
8752 321
-2275 25622
-20208 1
-47 -2983
-6895 1354
1587 4181
-10109 -758
-1347 3784
-20874 -355
-612 -20515
8059 1307
-1727 2248
-7592 1448
-475 -15187
5969 -625
-854 -14068
19639 3098
1721 9239
-1165 981
-1670 -7005
20953 36
-731 13634
6395 -2065
-262 18319
-6672 1730
1613 768
6895 1060
-2137 21178
-21001 33
-79 -3187
-10841 635
-1346 -3764
-4256 1943
-360 2385
-21121 -2684
428 -22511
7716 314
-329 -4696
944 -690
-552 -9257
2376 -4143
2725 -13054
23713 -733
508 11999
-444 -268
127 -3732
13239 179
31 12389
8826 1051
-1848 21963
-13779 1172
67 -3092
4758 69
-394 16758
-19345 -962
123 -253
-13958 880
-1922 -12816
-163 761
983 2491
-17219 -1611
-1545 -25501
9771 -390
449 -9475
6596 -976
955 -2730
2577 1094
-177 -14525
26304 -1308
-516 16330
3021 -46
-1619 4284
9166 960
456 9407
10025 -999
-121 23857
-15964 927
302 -3882
-1408 2160
-1424 11177
-13964 -1053
-320 -647
-19158 -465
-297 -18635
3080 -973
-2750 1727
-15201 1723
250 -20656
5772 441
-732 -14161
14157 -1101
-677 3359
1497 574
-1537 -13662
26667 891
662 16856
5649 846
898 7592
-131 -20
1725 5231
8800 -448
-358 24572
-20516 2837
-395 -2687
-2956 -392
-924 4916
-7879 -1628
-1175 1441
-21440 1926
1261 -21731
5353 718
-3443 -1521
-6959 1403
900 -16221
5880 807
-209 -16300
21969 -235
1755 8673
1291 1080
564 -5824
18696 119
-1017 15477
6101 -1152
632 16136
-8701 340
1334 353
6307 1794
-1818 21361
-22219 1265
227 -1706
-10595 -261
981 -4767
-3277 1003
-156 2511
-21841 -323
546 -24172
9698 -920
-795 -5935
891 1929
1161 -10647
4083 -1884
-166 -17056
25295 1503
612 15969
377 -272
324 -2114
17497 -267
842 11042
9254 -793
2028 20941
-14998 -446
-700 356
3797 1444
-954 18898
-18905 -1006
-553 -1966
-13913 106
-1446 -11222
644 -1527
-56 1299
-18532 -898
1565 -25790
8917 -1396
286 -8387
7887 -288
-1183 -4474
803 -458
486 -14592
25350 1104
1065 16148
2387 -233
-2931 1646
6436 1522
214 8438
9096 -812
418 24137
-17734 705
-2627 -1503
710 -1242
-2213 11932
-16602 -1421
-1431 1137
-18421 611
-1352 -19656
4994 1057
1146 962
-15477 1612
1072 -21701
7320 581
1571 -11934
14773 -2577
325 2518
254 -629
-87 -13060
25932 -296
1656 15944
3330 -541
486 10889
1527 -686
-1512 2915
8363 -923
-696 25730
-19816 -2219
705 -4219
-6661 -3187
1047 3631
-11914 1334
-2377 689
-18774 1060
-61 -21872
7858 171
1763 -2708
-6955 -2045
1158 -17031
7023 -503
683 -12785
20864 315
2145 9321
954 -326
376 -8694
21382 -452
-1325 15651
6757 2654
142 18774
-8832 -519
-612 379
7806 148
-2283 23141
-21583 668
-782 -2975
-12969 662
-1100 -3772
-3796 -1053
-1249 4891
-21417 873
29 -23746
9019 1600
-213 -6071
708 -449
606 -8725
2721 -347
-545 -15814
24796 -803
725 12114
1692 2141
858 -3108
14007 459
291 10688
8519 170
2212 20815
-13027 113
-705 -1085
4376 1733
-433 19320
-19622 -1006
1087 -1063
-16453 -304
-1584 -10967
-817 -1015
-110 2560
-18735 -55
-571 -24231
12150 -57
-1257 -9003
6876 -1605
1819 -2996
361 -1403
-426 -15605
26236 -365
-483 14844
972 -6
2441 4747
7761 -164
2515 9381
8904 -30
-889 23364
-19370 -736
673 -3412
717 234
-1245 11359
-12855 -257
-178 1687
-17099 1337
1732 -18649
3496 1406
379 295
-10918 -1184
-883 -19848
7165 -1498
-2494 -12149
15403 -319
1021 2710
971 447
105 -13319
23801 -21
1962 15135
5022 -1097
1652 9561
-622 -274
-1663 4526
11067 -2593
416 24580
-21636 346
-414 -3230
-5239 385
360 2764
-10248 -1491
-1498 700
-19285 -839
-112 -23815
6515 -579
-1814 -896
-5758 941
-195 -14813
3934 -973
1140 -14887
22354 -132
2598 8708
-890 1317
1142 -11143
21731 -1286
-282 14730
5854 602
40 15666
-9497 -657
-1819 1141
7781 -350
-1586 23022
-21099 -837
131 -2971
-10432 854
-11 -5784
-4016 -253
1518 4300
-20542 1419
2139 -23868
9137 -1385
-833 -3725
-3202 -146
-682 -10598
2599 883
2760 -16352
24988 -861
506 14670
2584 -1140
-32 -2206
15665 1514
-1505 13459
7145 1246
-1675 21876
-15726 87
2363 -1404
4080 341
-884 18329
-19011 1159
-1171 -1193
-13238 58
1257 -8677
-29 -637
-541 1927
-17316 30
756 -24138
8070 -1014
-39 -8427
6968 828
-1170 -3064
1293 -640
-321 -14790
26147 -671
1858 15659
2247 2520
1597 1851
7887 -85
-1621 8023
9611 289
-201 21973
-18154 -1161
863 -1956
-1451 1624
366 13444
-15583 411
232 1283
-17354 -432
-883 -18523
6583 93
918 192
-15322 -184
315 -22332
8259 -1220
34 -10861
16722 -285
46 3283
-1046 -2394
1082 -13161
25913 42
1518 17589
3787 193
636 12183
-104 382
-1206 3833
10416 1762
-1522 24520
-20132 -329
608 -3115
-7097 568
-2602 1003
-11376 168
-1117 846
-20813 -1769
-2620 -22709
5584 680
706 293
-6592 -677
-1150 -15783
7439 -1463
178 -14425
21619 99
-460 11003
133 -2822
1361 -8340
20173 410
-121 14735
4147 -1169
475 17087
-7769 -1314
-249 1516
6019 809
-1013 21239
-21545 -465
1861 -3146
-12000 -1893
-674 -3672
-3568 114
1303 3598
-19106 -1122
-421 -22773
10397 1155
-965 -3605
850 386
964 -8869
3077 -7
3565 -17873
24864 -1309
79 13039
-101 -669
222 -4969
15263 924
30 13863
8565 948
-2408 21616
-13666 -1933
1629 -1055
4530 -65
-747 17344
-20286 166
203 -1451
-15370 -2233
-324 -11219
189 -608
445 2727
-18314 780
-851 -24368
7253 -303
-920 -7865
6611 624
1984 -2638
-1127 -545
2534 -14771
6763 -6066
-2612 2077
1600 -1230
-1093 839
778 -603
-561 443
404 -326
-289 239
204 -172
-142 121
96 -84
-63 56
40 -36
-25 22
14 -13
-8 7
4 -4
-2 2
1 -1
