27863 -1332
15902 19030
2389 17251
-5570 4248
2201 1191
6453 4158
-147 3398
-1594 -638
6266 -2406
6034 8646
1152 8250
380 1580
7286 2546
13969 12996
349 24000
-17109 17814
-17570 -1301
-7516 -5638
-121 -3258
-499 -188
-1680 -2832
4655 1566
-1003 9975
-15079 11053
-15400 -1490
-5202 -6702
-770 5213
-7313 8064
-21402 -934
-15013 -17238
47 -19284
9287 -6807
6418 -1242
-726 -2205
-1501 2921
-3357 2915
-12600 -1601
-13514 -12734
609 -20248
9983 -13608
11278 -1183
-3917 -1410
-1854 -12383
9578 -13755
19133 1425
8198 5755
1663 4145
322 2379
-799 2073
-5295 -1935
-8 -14797
11149 -14293
26180 1832
16218 18507
-1153 14268
-2884 3227
3084 1085
5379 6967
4188 11768
-2202 3688
-1 -536
1886 6237
-2938 6771
631 647
8228 -977
13683 13890
928 22498
-18006 19280
-22081 1966
-8837 -9096
908 -6019
-2521 2943
-1878 1
-2908 -2746
244 1087
-7054 9406
-8239 -952
-5938 -5205
-2750 4372
-8231 8929
-23057 773
-18052 -15417
-59 -20741
11707 -9354
8405 1414
1782 1931
1063 -738
-2029 80
-6684 -667
-10185 -9313
-455 -17927
9072 -11071
4034 25
-1559 -331
2027 -14677
14177 -11676
18164 -4321
12509 10677
-375 7411
-4051 3025
-3114 429
-3969 -1251
1605 -6615
10792 -13063
22247 1756
13841 14173
-849 12082
-3671 3493
6305 1733
10172 9790
2190 19009
-11690 11231
-7612 -1096
-1480 -1967
2567 398
2115 -982
6971 1818
10088 7239
-3415 22328
-17646 16314
-22733 -2215
-6985 -9572
-1105 -3874
-4008 6135
-10005 -1497
-7500 -6260
-241 -2874
-1072 161
-8636 -2497
-5509 -5987
71 1251
-11372 8189
-22266 -497
-19371 -17191
250 -23834
13409 -15431
11437 22
3174 -546
127 -7838
1994 -4503
-403 -469
-5630 -2785
249 -11153
6040 -5522
3665 -1058
-2840 -1799
83 -15876
17986 -18719
27174 -2223
14995 17268
1912 13758
-3355 2990
1104 -336
-129 432
1179 -1016
4259 -5893
17108 2154
7729 12200
-1413 13339
-1794 -1213
9208 1911
11186 14687
2168 19452
-15996 13212
-13295 922
-4982 -5094
2247 -1470
2612 -731
3327 1097
7580 5426
-1514 17613
-13134 15341
-17850 -3278
-9836 -6685
1322 989
-8325 5097
-16265 -320
-9608 -12334
959 -10772
3292 -5844
945 -111
388 -308
490 4128
-8262 7293
-20766 793
-18711 -17457
27 -21991
16037 -13206
7758 -1939
-199 -393
-1469 -7307
10804 -6098
9298 -1857
3213 1223
-1155 -2210
2088 -3475
3872 464
-1866 -355
2469 -13509
14845 -15527
25206 -1041
17891 15532
402 17432
-4640 3725
2243 312
1685 3271
2048 2440
2867 672
9693 -1465
10534 7792
-243 8298
1176 2403
11092 -514
14454 13350
3598 22937
-20001 18562
-19557 1148
-8083 -10116
-1120 -4292
-1036 2327
1191 -238
922 2781
33 15881
-9491 10373
-15523 -1118
-6514 -8069
-1193 1669
-8799 8836
-20189 -3162
-17737 -17430
1572 -17389
10748 -9077
2222 519
1754 2474
761 2512
-5553 1736
-15461 -1721
-13310 -11847
1992 -22362
14039 -13393
9771 769
682 -4253
-66 -12446
9546 -10306
18542 -2667
6474 5844
-762 3839
-21 -2909
-177 1196
-1105 -4010
-2590 -12291
17321 -15557
27044 115
16741 17450
-1237 16825
-3249 2106
1767 714
4708 6506
-995 12188
-4997 3827
673 -479
2672 1625
-125 4299
-2955 -383
7903 1683
15111 11669
4560 22577
-18235 21267
-23350 2220
-12260 -9062
-3741 -2335
-1008 1369
-5310 1079
-2338 -388
1143 3975
-6728 5601
-12599 -2315
-4639 -3857
136 4773
-6896 8346
-18731 -1400
-16685 -19623
1436 -23737
11093 -11221
8701 2610
1242 3911
874 -2741
1123 99
-8585 269
-11691 -9099
-4000 -15436
12224 -10226
9026 239
-5129 -1557
-215 -14064
14554 -13172
24290 -1815
11627 11561
-1399 10798
-443 -144
-1777 -323
-2472 -1878
1746 -11267
12792 -12669
22646 3442
14959 14786
-2173 15604
-569 -1182
6066 -983
10728 10158
-120 16569
-8708 11626
-7345 -1269
-2045 -1336
1262 -1536
2709 -178
5135 -1493
11952 10618
-677 21264
-13763 17345
-21701 259
-9802 -7657
1897 -2088
-7538 4146
-11909 1808
-8810 -7715
1941 -3741
-930 888
-7128 105
-5485 -4908
1869 2750
-9300 10311
-19651 159
-18416 -13960
-1290 -25902
13042 -13808
7920 -3291
-4 -271
1119 -3464
5543 -2015
-2078 2019
-5564 -3497
1871 -9151
8807 -5447
3212 1171
-3805 1203
1771 -14638
16352 -19917
25158 -653
11448 14769
-837 13706
-4702 5945
1349 990
-2037 -206
-1421 -3579
6377 -8328
14624 1922
14283 10179
-1098 11600
-3168 1891
11046 -915
10990 13005
576 22130
-7848 12668
-14431 2586
-8154 -3930
-988 37
2804 -407
1939 -1594
8669 4699
-900 20039
-17062 14246
-18994 -851
-8258 -9274
-1220 -307
-8402 8119
-16704 -1623
-11068 -9527
1538 -11765
2679 -2447
-555 2266
-388 -2015
-1097 360
-5672 7388
-20066 282
-16101 -17860
-2501 -22431
12038 -10792
11050 1844
-99 -3138
-1828 -10687
7114 -8816
9593 -1819
429 2610
-1617 -3354
2429 -3011
3587 -311
-4438 -4816
568 -16584
18056 -15793
26159 441
13871 15273
172 15557
-2914 6051
3120 182
4299 2417
441 5231
2766 -1399
7416 62
8125 10080
-2449 7264
-1866 576
7631 -51
14364 15958
-429 25478
-16909 17104
-18425 777
-4213 -10162
-1148 -1851
-1391 1037
-2133 -1696
2241 4592
-1520 12870
-11139 9972
-18632 -481
-9362 -5481
582 -1668
-6709 7651
-18582 1503
-14106 -15177
-1945 -16835
8130 -9619
4352 -1413
871 -3093
299 4084
-3554 6054
-13208 -1619
-12776 -12367
1113 -20009
12405 -14267
4208 2148
-2637 -3954
1461 -8525
10758 -12243
13628 -839
10428 6861
-619 3320
848 -2157
-575 -2220
-322 -595
-2785 -11210
11093 -13521
24452 -1270
14122 14997
-870 15748
-3491 3620
4671 -2035
6730 8004
-1384 8260
-4557 3172
1783 -2831
1000 6426
44 6247
1237 1574
9564 1442
12789 13039
1556 25937
-17485 19933
-25046 -1918
-7767 -9295
-392 -1390
-152 789
-7233 -1521
-1801 889
-137 3683
-7016 6309
-11051 1487
-6886 -7803
3068 2955
-9421 7788
-19734 -1505
-21266 -17716
1877 -22951
12138 -11433
9381 -1743
1123 -1894
-2873 -498
1642 -791
-8893 2915
-9058 -11794
1507 -17222
9322 -9610
7046 -1409
-2654 -773
-1348 -14412
15945 -12430
20602 -2748
9307 12471
-3786 7877
-3537 638
-27 752
-2730 577
-240 -11118
12279 -12522
19493 -124
12380 14425
503 11790
-3521 3775
6583 2722
9648 11399
-3008 17967
-7341 9637
-9990 -65
61 -1505
-1857 -107
551 -1869
6862 4200
11976 8464
360 23946
-16049 19554
-21526 410
-7678 -7396
400 -2598
-3226 5528
-12119 2918
-4411 -7223
-1118 -5606
-2795 1441
-5454 -1369
-4592 -1219
225 4053
-8585 7550
-21383 -1171
-17351 -18260
698 -24037
13348 -13403
5978 2078
-2230 2554
-2912 -5139
3751 -5607
787 -885
-5409 -5172
1348 -12098
7880 -7138
3442 -2543
-1586 -7843
-2651 -15162
14979 -16196
23380 -3478
17470 13456
-1083 11325
-4975 4433
1215 1548
2219 3816
2377 -2521
7911 -8334
17633 -18
10331 10953
641 10180
-4386 3579
12877 874
14471 13665
-3927 23122
-14394 11914
-13273 -1742
-6596 -5823
3823 77
-424 1897
6400 -2504
8547 10153
582 19354
-13704 13582
-23205 -297
-10409 -8436
-389 -683
-5240 6202
-14752 -3689
-13441 -10487
1192 -13089
5250 -1104
635 1621
-1574 977
2414 1445
-9056 5794
-20481 -934
-15606 -15967
603 -25872
12142 -12740
9464 2185
622 2534
589 -8567
8788 -8383
6818 1866
3774 -1184
-413 -488
4755 -2307
951 1783
-1726 -4419
-1510 -15239
14016 -15315
27813 -3
16173 16395
-276 18175
-2193 5270
-830 955
6648 5626
1192 3029
-1214 -2120
8448 106
9848 6050
740 6404
-800 -845
8451 521
13204 10610
2819 23544
-16172 15627
-17825 -1173
-10091 -9641
-768 -2081
1407 528
961 582
2740 2494
-50 11978
-13221 12543
-12288 1460
-3490 -9157
693 -1490
-6802 6269
-17464 336
-14482 -16236
-136 -19404
8703 -8518
6930 1184
-1809 -752
1171 3189
-2542 4339
-14060 -3814
-14778 -15503
-293 -20600
8962 -14854
8742 999
-1279 511
5113 -10268
11033 -8892
15134 876
6862 9025
-4315 2507
-155 2742
2437 829
-4499 -2827
-177 -15127
15154 -16859
25474 -616
16656 14803
-1786 19509
-4886 4680
5689 -1777
8260 4820
1330 11073
-6089 5418
-2773 1586
2685 2832
333 4443
3300 2366
9972 -147
13549 9671
1237 25826
-17630 19161
-22359 596
-7959 -10719
-553 -3379
-5902 2795
-3792 219
-540 850
-574 5661
-8784 5771
-12244 2769
-2744 -6891
2446 3410
-10435 10801
-21454 -1256
-17487 -16598
869 -23577
9552 -12659
7664 -188
1910 763
493 -1416
-614 2332
-7114 -1385
-9279 -7555
337 -16973
9431 -8410
9411 1772
-1809 -3622
-334 -14594
16046 -14212
22336 497
12371 10489
461 8882
-1004 1986
2669 -2361
-2761 -817
-3168 -8996
11496 -11793
19488 1587
14871 12933
-2249 13328
-4215 2688
5482 -1291
10257 6780
907 16553
-11382 8837
-8216 1031
-1699 -1606
-876 -510
2021 -1032
5732 -453
9855 9795
-4941 24606
-20509 12790
-20781 317
-6655 -7402
-2552 -2169
-7006 3154
-8968 301
-7176 -6785
-583 -3624
194 3290
-4725 -515
-3020 -1474
-858 -1956
-10987 6255
-21643 3061
-19961 -19826
-550 -24751
13593 -14437
9430 1179
-149 1770
2962 -5164
3221 -3206
-408 -154
-4780 -1717
-550 -10227
7883 -6069
4203 -2465
-2213 -5072
-768 -14596
15650 -18104
26740 576
11530 14810
1554 10340
-2373 2222
2398 -3092
1571 2559
163 -1603
7049 -4823
15795 1612
9688 14572
-991 14119
-1422 3869
7321 -217
11593 11771
-1421 20614
-17846 13817
-13578 916
-4746 -4449
589 72
-31 -567
994 1833
6444 5912
1496 17247
-16081 17774
-18697 -225
-6714 -8021
585 -2241
-6841 4853
-20083 -1286
-12699 -13032
30 -12414
4902 -3438
-97 -550
535 -3505
381 1837
-9396 8972
-15338 -223
-16738 -19439
-330 -24563
9034 -12664
9862 -2224
-44 1625
28 -8918
7140 -8113
8221 -529
1398 325
-1336 -3005
4803 -6136
-60 518
-5205 -1592
-243 -17309
16937 -15961
27607 -3459
16341 18958
-577 13167
-1449 6522
2620 1857
3904 2323
-769 3480
-65 -1099
6750 831
6424 9016
1111 7870
1355 -1194
9658 506
9609 14971
410 24135
-15980 16282
-19379 809
-8009 -7837
-1778 -1301
1022 -344
-371 -495
2726 4731
63 8147
-9837 11524
-12592 -2052
-9499 -5746
2757 3178
-8041 7944
-17452 -490
-14546 -13969
-393 -18326
8778 -7823
3574 894
97 1609
-138 532
-6564 7375
-16313 1849
-11660 -13149
747 -23356
13655 -13765
9297 914
-1137 -2749
68 -13794
14447 -10616
15026 -630
5724 7135
486 3086
1552 -2692
-27 -768
-5721 -5077
-285 -14425
17676 -13989
25457 2688
16058 15177
2760 16930
-2644 1516
4812 -3548
6853 5632
-1244 9948
-5802 3420
-843 1242
2123 3392
3362 8466
484 -993
11662 801
14694 13031
-1058 26216
-17809 17397
-21226 216
-9800 -8505
-336 -1958
-2879 -1163
-4585 -275
-5257 -2317
-3263 4071
-7632 10190
-10110 716
-4794 -1323
174 110
-9186 7935
-20426 -643
-18000 -18322
1732 -21074
11077 -9143
8474 1802
-423 -2160
-505 -375
-1105 -3844
-10001 1216
-7540 -9201
-1255 -17820
8604 -9870
6976 2258
-2516 -4836
-1097 -15254
14394 -13606
20170 835
9874 12140
2705 7047
-712 2177
1634 1381
-1159 -2840
-604 -10202
11803 -13155
20828 1635
13783 12528
857 15266
-259 3144
7298 2509
8696 11026
-4061 16374
-9476 9644
-4237 1262
606 -2939
-2098 913
-302 1485
9920 740
14448 11930
-1436 24457
-17990 16925
-22456 -91
-9395 -10048
361 -198
-3414 2328
-9354 -1622
-6270 -5538
-13 -3398
-1106 2177
-2836 -409
-8243 -6171
-527 4883
-7809 7294
-19206 -2454
-18322 -18932
329 -24410
13575 -15003
8574 -1920
2798 -1178
2591 -3223
5674 -321
1595 141
-6221 -4891
997 -6493
5632 -7486
1250 1665
-5534 -2095
-1134 -14175
14932 -16859
26260 -1125
13581 15054
397 15720
-5333 1765
-1351 2389
-893 1672
-482 -2341
4806 -7087
13077 -71
9821 12840
42 11506
-3005 844
6309 -1704
11426 12482
465 19304
-14596 13899
-13521 -149
-6420 -5983
-2635 -1018
-99 -1271
3980 -1133
10466 7178
597 21047
-10815 15165
-17762 401
-11056 -6988
-250 -1833
-6470 4860
-15625 369
-10798 -12833
-436 -14484
4712 -5763
-1644 716
-89 64
484 5083
-3783 6874
-20800 1184
-17369 -18689
-1080 -25493
12588 -14772
11664 -1718
1631 -4416
-1742 -7191
9492 -5672
7461 77
1325 1718
-2026 -2169
2538 -3003
-436 325
-3625 -3819
3213 -11734
15763 -17999
23612 2777
17828 12725
858 15569
-1166 495
4151 1225
4821 1118
-13 2861
776 496
7884 2457
6916 10187
-2500 10946
-242 -390
8369 2408
14255 11739
1151 22515
-20344 19212
-17627 3001
-3237 -6243
-232 -1272
-1131 506
-1958 2036
421 3957
-4251 12889
-12006 11035
-15203 4188
-7098 -8254
845 -2566
-8640 9141
-18130 328
-17212 -15260
-498 -18035
5321 -7824
3325 -682
2608 -2327
-305 1963
-5086 5111
-12929 2074
-13344 -13017
2651 -20977
11741 -11117
8449 -398
-465 361
1153 -11443
7927 -9923
12270 1223
10126 8951
2220 2473
-1814 -993
-636 -2157
-4196 -2660
539 -13758
15403 -16590
25214 -680
18311 14139
-3362 18173
-3909 2040
3058 -370
4764 5965
-2092 8794
-5405 2508
-565 -1808
2045 5630
2107 4177
1007 -975
7595 1572
15140 11483
-302 23616
-19254 19557
-18093 -1411
-6920 -8408
-1931 -1897
-2231 5750
-6734 -1085
-4424 499
-1469 704
-4528 9800
-9006 1169
-412 -2583
1338 3046
-6682 8651
-18364 433
-18164 -16249
-738 -23688
13357 -11663
8316 -364
1112 2375
-1005 -3406
-1855 130
-7646 429
-8563 -13088
-1513 -16345
7832 -9052
7976 2985
-2734 -5122
574 -14684
14136 -14743
18377 -720
7726 8354
-1312 9751
-2063 3014
-189 2825
-2658 -1943
1118 -10943
6831 -10799
21603 -236
12839 13098
2936 14386
-4640 517
6210 -648
9633 10052
-1349 14544
-9675 7497
-8518 -1587
-142 -5947
2952 3545
-3353 -3373
7506 -2589
12743 13549
-2492 23725
-16592 17189
-21668 -2832
-9187 -8775
820 -1990
-5992 6295
-9418 670
-8849 -7789
3018 -5296
-1122 -1565
-5383 -157
-193 -1827
-4383 4012
-8997 9933
-19312 2175
-19424 -15682
-1204 -24237
10441 -12556
9585 -708
-735 879
220 -6369
5111 -5431
-37 940
-5113 -3364
-541 -8965
4356 -5285
1180 -494
-5308 -6648
-1435 -14985
15107 -14953
27404 798
15843 16038
133 12377
-3719 4289
-812 -1884
791 36
637 -7744
6634 -6543
14363 -2614
12268 9751
-710 13768
-1470 1582
10117 -544
9669 11009
2753 20060
-13633 15435
-13588 -1062
-4442 -5566
-1366 -3337
-661 -1635
4612 1086
3442 8177
4650 18530
-18837 14786
-16922 1029
-6522 -9040
-562 -5198
-3031 5395
-13844 2253
-9241 -13306
2101 -10932
7111 -4914
1397 -1405
-2010 -929
1171 2378
-6757 6541
-20110 -1184
-15959 -15861
-589 -21873
11374 -12039
9366 -132
325 -2289
290 -11875
9538 -7640
6814 2021
3456 -3102
305 -1610
3939 -1165
-641 2088
-4763 -3301
652 -12198
17452 -15974
27127 -520
17032 13451
1480 13547
-3313 6270
2370 -1669
2442 3191
-227 2845
978 -1115
7898 3253
8340 3212
-1137 9154
-1308 880
9679 795
11712 13196
1814 25526
-16353 16788
-19705 -100
-7187 -8942
2071 -2869
-247 1242
1828 -408
4708 3116
-1957 10297
-10851 14650
-14022 -65
-4945 -5846
-620 -1517
-9452 8302
-17623 -219
-15502 -15135
1331 -19974
8675 -8334
4131 1417
-666 -1832
-1687 -1986
-4558 4530
-12893 -1975
-15675 -14422
1351 -22600
12120 -12262
9977 -1230
-3803 -872
3205 -11205
12033 -11674
14149 1779
8639 6536
-449 2225
1710 -1914
2055 3259
-1886 -1924
-24 -11730
12073 -16105
24234 1348
15497 16055
101 15930
-2439 5499
4050 -975
7367 10416
-2189 9685
-5157 2430
-2661 200
1844 4296
377 4753
-2497 -2339
11191 2585
11715 13226
1945 23972
-18619 19515
-20507 -94
-7746 -9561
-870 -5655
-1730 2596
-5876 929
-376 -1415
288 3815
-3754 7801
-11378 -647
-3796 -2765
1597 1048
-11208 8375
-19119 -3682
-19420 -17925
-2741 -24976
12391 -12351
8171 1355
1811 1491
1107 -1109
2947 -374
-7912 -1808
-10930 -8116
1614 -16328
8582 -7968
8798 -785
-4370 -726
-890 -16854
17266 -15708
18790 698
12493 13140
722 10574
-1150 784
-831 -333
1043 -373
2400 -7657
11362 -12326
23682 -93
17184 14127
676 13897
-3757 4387
6109 -10
9634 9324
-2008 18686
-12351 9527
-7577 -1056
-1744 -2702
447 4674
15 -752
8792 -1855
11269 10004
1866 21531
-17177 17199
-20397 -1200
-10058 -9631
-725 -4843
-4729 2589
-9045 -2324
-6739 -5617
-635 -2629
1167 3963
-4250 -232
-7908 -156
592 2929
-7985 8566
-21777 -906
-19185 -19109
-1006 -25698
13084 -17098
8566 -719
315 474
788 -3959
3725 643
-879 1176
-2235 -2697
-1350 -8242
6945 -4145
7156 -927
-3973 -2712
32 -16959
14591 -14770
24200 -513
15425 14530
-839 14812
-2133 212
1787 -1802
1115 -1128
1742 -4736
4097 -5904
13681 348
12713 12708
-590 12625
-1684 1931
8441 1841
12654 12402
-2004 19039
-13784 13667
-11491 942
-3133 -6324
467 -2088
447 -2202
2083 -2675
10944 8302
-3897 18712
-15559 17357
-20496 1496
-9181 -9366
1068 181
-7538 6472
-15655 -604
-13490 -10633
-743 -12833
2578 -2865
1424 -1728
-671 -2025
848 1348
-9249 5940
-18483 136
-15474 -18876
-1612 -24288
14515 -14789
9228 194
1328 93
557 -8314
7062 -4920
7781 -1167
2422 2925
654 -3293
5139 -7707
2015 -145
-7585 -7091
-1925 -16538
16059 -15515
24816 -1762
16474 15910
-753 15382
-4458 5814
3947 946
5790 250
-248 3774
-900 116
5421 550
6964 6603
2933 7890
-146 1822
10411 -798
13607 11971
2199 22344
-18303 16162
-20370 135
-5945 -9696
-399 -1521
753 -1527
-4371 -2544
4059 4578
774 8864
-12824 10019
-14662 710
-5326 -6358
667 2615
-12219 14377
-19082 59
-12502 -13562
1685 -18424
6935 -8787
5525 -1143
231 625
2162 -1983
-7853 7233
-12022 -1531
-14998 -14947
-1582 -22560
11146 -8280
11654 417
-4545 -2096
-1298 -11619
12332 -11585
16639 2294
4543 8074
-1590 4684
-696 -3821
1681 2372
-3463 -4072
152 -12274
15788 -13911
26335 450
17020 15335
2368 16451
-1848 4674
4647 -969
6213 7394
116 12607
-3253 4707
2269 945
1110 3235
-2070 5863
1054 361
10092 441
16342 11865
-802 22038
-17718 20884
-22511 1058
-10127 -7640
194 654
-1883 4147
-6127 -3182
-6200 -152
1913 1588
-6634 6219
-9073 -3703
-4510 -2294
760 3462
-8277 9790
-21204 -1773
-16741 -18301
1312 -22760
11339 -12012
7970 -1008
-1470 -521
-594 -942
-3339 1775
-6163 2096
-10771 -8388
1799 -16126
10510 -11773
6275 -1804
-3629 -5360
1697 -15079
14828 -13809
19646 -2637
11217 11655
3854 10066
-1915 3139
1332 -928
-2315 -2850
-555 -8171
12353 -12066
20234 1582
16621 14156
-1474 17509
-2071 2558
5800 419
8831 9799
2376 18912
-8782 11528
-7345 2909
-3339 70
931 847
1235 -1162
5229 -2540
11153 9503
-2385 22825
-17261 17327
-21283 2383
-4871 -9164
825 -3394
-5571 725
-11035 -339
-7287 -7418
-4535 -2508
-164 2071
-5634 1847
-3947 -3548
3021 365
-9236 7083
-22942 -1014
-17915 -17883
-1298 -23086
10866 -13388
11748 1920
607 -182
1276 -5136
1287 -3906
1899 -1953
-3648 -2057
-603 -9944
6138 -6602
5278 125
-5201 -4351
667 -15404
19916 -16519
24546 1010
15326 12530
-1706 13764
-5024 3927
164 991
845 1246
-2269 -589
6918 -7813
15193 -1957
8595 12417
302 11263
-1628 3553
6873 -1040
11503 13254
1350 22340
-13623 14338
-13626 2626
-3983 -1262
1306 -666
1430 1947
3301 -1108
9266 7854
-1088 18494
-15152 13876
-18446 -525
-7422 -5898
-3379 -1060
-4223 4870
-16188 -3529
-10533 -15532
1940 -12062
5556 -5946
-2676 2275
-2161 -473
3014 2163
-7405 7302
-19592 -1446
-17979 -19402
1739 -23999
16333 -13762
9928 -1235
-803 -2064
2134 -10805
7603 -7906
9065 -904
1226 -535
1598 -5084
3035 -4851
2878 -812
-3302 -6077
-2047 -15304
18100 -17830
25138 -2534
15747 15963
2910 15144
-5196 2035
2892 2990
3278 3135
2715 4634
3175 -916
5151 -440
7421 6426
-2792 10602
641 1261
9529 998
13513 10309
655 23631
-17219 16930
-17395 -266
-5257 -4765
877 -474
937 -150
-1583 -618
2736 5915
1241 13175
-8906 11861
-14175 125
-6475 -4982
-862 -491
-7973 5843
-20274 1323
-15585 -13014
269 -18511
7020 -5019
2544 893
2212 -353
-1676 1848
-7098 1601
-12533 1692
-16327 -15667
-912 -24206
11727 -10368
7837 -213
-3302 -171
-1649 -14325
10224 -10766
15163 -2828
7803 6987
604 4974
-1313 -3793
2793 2610
-1805 -4870
-1928 -13203
11812 -15046
24094 1478
17440 16939
-31 17068
-6786 6215
3632 882
8642 7559
2862 9981
-5810 5473
-73 587
3174 3470
817 5407
-835 -617
8977 -175
12398 12366
1192 22803
-17483 18786
-17918 1082
-9356 -11199
-2587 -4069
-3578 3316
-7930 -1358
-3653 -1629
3429 966
-4999 8125
-9854 2542
-6343 -3639
2651 2369
-11225 9290
-21025 -1277
-17294 -14696
-746 -22342
8422 -12203
8336 2000
273 2181
-1972 438
-4244 1696
-6246 -3483
-11964 -11450
817 -12927
10031 -10173
5512 1412
-4486 -4371
1364 -13997
13514 -18578
19078 -618
10855 11068
2873 9669
-1517 823
414 -885
510 172
717 -8762
12536 -9104
21436 2536
13240 13469
595 14601
-3225 3960
5727 343
11171 8505
-52 15663
-9888 13091
-7295 -1495
-92 1250
-23 3641
3236 -1713
5857 1708
9377 13135
654 23048
-20233 14123
-19666 1544
-12367 -10836
61 -2735
-703 4478
-13300 -1253
-6208 -6295
-1892 -5227
267 1715
-4511 1823
-4915 -2818
4471 4842
-6517 9647
-16750 727
-17284 -19150
-418 -21471
14393 -14383
10668 671
-2707 2020
3289 -2528
2327 -5060
1368 2868
-3952 -6838
2626 -11060
7396 -7630
4593 -156
-6892 -2168
-1616 -17161
15273 -17309
27566 908
16983 13779
-514 13306
-1577 5497
653 -1963
1487 2760
-1700 -5176
9351 -12194
14579 816
9448 13939
-18 12380
-2519 3709
10418 -440
12777 12244
-3450 21243
-15476 13897
-14034 -40
-7111 -5128
-1280 -288
549 -630
6987 1059
7977 9447
4385 16029
-14448 18202
-18861 2022
-7054 -10073
-1739 -1698
-7034 8879
-16002 -351
-11475 -9267
-1912 -10338
2677 -3371
-1872 399
-57 -1423
-1793 2011
-4259 6119
-19470 -176
-17662 -17321
3512 -25850
12710 -11908
9026 -2168
-853 -1839
-1332 -5944
8802 -8135
8777 -1159
-645 862
2523 -7001
-552 -5831
251 36
-4656 -4964
-1592 -16811
18868 -16457
25716 -1653
16007 14928
1005 14797
-3630 3052
1533 754
2322 5594
-3070 2037
2712 -1649
5500 -657
7769 5113
-1429 7450
-868 1251
10028 -437
14333 12985
313 23008
-18941 15989
-19448 456
-4983 -8446
738 -156
-776 3948
-1598 1398
5458 2570
-1162 13146
-9714 12216
-16723 2105
-5445 -6180
-748 1610
-8666 6529
-18484 2587
-18539 -19528
247 -18975
7002 -8397
6667 409
1419 762
-451 -652
-3371 4004
-12256 -748
-11630 -13869
-2543 -22516
8118 -13510
10428 -997
-1757 -445
2283 -12690
11715 -9647
13041 1741
6755 5423
-2195 958
2630 -3414
-827 -2246
-3158 -4653
-1663 -13403
15619 -17725
24808 820
14861 15962
385 16619
-1818 4381
5452 2046
9013 7825
39 13578
-4540 5802
679 -371
2040 3455
-3265 5600
2709 817
6409 161
12742 14084
914 23830
-20542 21001
-21836 2981
-10452 -7925
-2605 -1113
-4390 3763
-3794 -1027
-1728 -3890
106 3641
-7799 9161
-8725 2365
-3847 -3574
1406 1131
-10982 8713
-21291 552
-16991 -18709
1190 -23765
11228 -11476
5789 -127
1895 1308
643 -3557
836 2086
-6634 -517
-10710 -11654
-1258 -18567
9784 -9503
4718 -1710
-4072 -5343
169 -13187
10911 -13889
22673 1468
9955 12335
2308 9365
110 2899
2087 -796
-4592 -3543
-885 -11028
11134 -11254
19311 487
13711 14434
2369 11962
-3047 6123
6936 1903
9477 9571
-997 15535
-9329 9254
-7722 -169
-2214 -4281
888 2449
-1789 178
8586 -659
10582 7940
491 24235
-19365 17280
-18747 987
-10468 -8061
726 -3322
-4176 6574
-9820 2419
-6290 -5869
-1502 -5005
3139 3715
-4429 467
-3323 -1261
-1940 3709
-10092 9617
-22727 468
-14689 -21388
-542 -24057
10989 -9137
7396 1565
689 -838
-567 -4645
3048 -6089
-2976 -1528
-1837 -2903
-1399 -10504
4573 -6680
2566 -1651
-3333 -3830
1261 -13276
15693 -16813
22713 535
14299 14568
-756 12208
-1925 6878
2689 1004
-2315 -1380
-1354 -3774
6400 -3863
13493 -664
12192 12620
1381 14517
300 4036
7782 1391
10889 11080
-103 22084
-14103 11143
-12638 -2957
-5854 -5350
-1282 -1479
942 -2114
4922 9
9299 7559
-2095 21519
-15040 16540
-18532 -307
-10063 -11279
-1053 -1140
-6095 6922
-17270 1606
-10935 -11829
869 -9746
968 -3810
-2235 -1003
-1049 -1629
3313 2137
-5912 4912
-17610 1835
-15907 -16168
1995 -23428
12543 -12502
9968 701
-2933 -933
3281 -11927
9230 -5343
7772 796
1819 580
2131 -3406
710 -4428
1192 3683
-6858 -3309
-2055 -15676
17466 -15616
28904 4046
16823 14464
1534 17334
-4736 4431
286 -794
3648 6562
-1680 3936
-1007 1632
6606 -477
8392 7498
-1219 9159
-3112 -558
10174 747
13863 12768
-271 24483
-15718 17537
-19777 -656
-4657 -6385
-1135 -3839
-881 1874
2167 -1094
3848 1739
1960 10006
-10357 10946
-12545 2971
-5781 -8548
-1083 1579
-7844 7086
-18573 -3183
-16017 -11007
231 -18500
9077 -8108
5716 -1960
2116 320
-1845 4608
-5435 5465
-15241 321
-15244 -16969
1271 -22182
9983 -13327
9855 -1143
-2893 -2269
-411 -10104
11256 -11205
15694 -1729
10045 6846
2869 1463
381 -4069
366 -1150
-2996 -3445
2839 -14284
13029 -16353
26234 1130
14740 15922
1430 17437
-5180 4382
2132 869
6171 8760
-1582 10606
-5424 2690
-933 -120
3892 3137
-1061 1550
62 -897
6469 160
14122 15250
-470 24603
-17145 16960
-21470 1197
-9594 -9702
803 -369
-3616 0
-7338 -336
-242 85
248 6771
-7676 7056
-12526 296
-4471 -4816
-124 146
-5754 8086
-19061 -846
-18202 -17276
447 -22109
13819 -15010
6417 -1671
271 1409
-716 -2364
22 1907
-7237 2198
-12027 -10347
2120 -16241
11464 -9365
4706 2185
-5112 -1391
-1932 -16639
16169 -14099
22505 4104
11987 12886
2047 10387
-2409 1784
-1473 -2759
-3708 -2324
625 -7693
7437 -8933
22173 -228
12120 11936
3659 13190
-4289 4877
10075 -2544
10499 11264
986 17099
-12262 7072
-8201 2781
-1112 -1519
1432 1353
-2269 -317
6684 691
12551 10170
-1421 20695
-18591 18562
-22179 -1221
-8989 -10508
1684 -3358
-4726 4235
-10874 9
-8225 -7007
3194 -4423
490 -542
-5254 1800
-3085 -890
282 1348
-10040 6864
-23276 1151
-17403 -16706
-564 -24204
12906 -14513
10608 -1262
-2504 1226
2885 -3466
531 -3909
1818 -492
-2021 -2548
4553 -9745
7599 -10294
2819 -1719
-3433 -3426
1137 -14699
15061 -14174
24590 -1480
13966 15137
990 13441
-2642 3474
72 -22
-320 -349
-915 -2733
5574 -3638
15233 -1261
9908 13053
1229 10191
-4097 1070
8643 -1987
11676 9426
-1728 19661
-14751 15784
-15496 547
-2217 -3618
-1601 -625
1 -23
6720 871
7188 8019
-1303 18665
-13206 16965
-17724 -1749
-12232 -8930
-492 -3100
-7775 4969
-16272 -3393
-9628 -11968
1979 -11195
1831 -4546
1296 -1228
2927 -4091
-826 1856
-7135 6954
-16256 1156
-17756 -16059
-2693 -21392
12251 -11911
7608 1770
-3245 -1497
917 -11203
6342 -6367
4988 -858
-746 2741
1453 545
6001 -3424
748 572
-5289 -4431
872 -14947
17266 -15312
28389 -1447
17827 13082
-663 16358
-5656 4486
1101 -4429
3002 2052
-810 4613
-2060 -2406
8016 0
7786 8069
547 9772
1206 4372
5338 -929
13155 10712
2428 23578
-18358 16707
-16309 1041
-6697 -7404
3664 -4502
-753 973
-1064 482
658 3887
2558 11340
-8867 12168
-17853 1913
-3387 -7539
2125 -501
-8736 8272
-19656 1837
-13861 -12475
512 -19826
9203 -9445
4252 606
1754 -1365
-1776 3739
-7576 3343
-14583 738
-10889 -13986
-1655 -21936
13960 -13224
6191 1301
-2358 -2017
-2328 -12016
9285 -10810
13219 -141
7611 6301
-571 3397
413 -1143
1308 281
-6671 -4681
1093 -13101
12896 -15348
23908 645
15827 15284
530 13118
-5189 2469
3386 -402
5453 8621
673 8792
-5045 5978
3017 -174
5422 5260
597 4733
820 -1201
9770 302
13273 14794
-596 23286
-15836 16657
-21006 -1046
-9348 -7687
818 -3835
-2092 3377
-5306 -1278
-4268 712
2030 4295
-3902 9118
-10690 1952
-7460 -5475
2817 5768
-11059 7709
-24405 1250
-17041 -17518
425 -21900
12564 -12114
9038 372
-571 -1536
-1656 -485
-1073 957
-8738 -214
-10288 -11764
-729 -19632
9876 -10099
5936 -1763
-7068 -667
1530 -12756
13851 -15542
20151 -501
15072 13732
903 8100
-554 783
-97 369
-2421 -398
-437 -9348
13203 -12463
21414 199
13764 14811
138 16342
-2631 2689
5141 -33
9863 7935
2705 18574
-11360 7908
-9254 525
-1521 -265
703 504
452 2876
6912 2902
9401 10466
196 23324
-16332 16983
-20924 -1789
-11960 -6833
1121 147
-4035 4907
-10206 2217
-6264 -5234
-1034 -4484
-528 -1602
-5781 -670
-803 -4205
-304 1809
-9414 6792
-20809 -416
-16209 -18380
-150 -24640
16482 -12669
10760 -2360
810 -2385
-92 -5437
1006 -3677
1478 2077
-4993 -5342
-40 -10105
8024 -7780
4316 -291
-2314 -1511
5201 -17790
14416 -15768
24508 -60
12251 15922
-669 13314
-3134 2934
359 1874
4920 1482
-2433 -235
4781 -3301
16119 -1770
13228 11466
1911 12301
1689 1380
11142 2299
12578 9742
-181 20290
-13343 13242
-13982 752
-5980 -5940
-2634 -1568
-1510 9
1231 -1944
5476 10554
4116 17732
-16261 17324
-16833 -1317
-9097 -7930
404 -1294
-5743 8234
-15709 2606
-10859 -9581
3716 -11827
3738 -5068
-1988 -460
-413 -202
-1197 3114
-8668 11677
-21292 1142
-17104 -17809
-744 -24098
12958 -17304
9275 456
-3111 2696
3423 -9231
9078 -8608
7003 2292
1414 -904
-1970 -4219
2290 -3728
3617 130
-6924 -6574
595 -15967
16480 -16689
26293 -1524
12540 18110
216 14629
-6644 3837
2898 -1693
5142 1598
-1522 2727
768 -2587
6061 -280
7318 8595
235 6819
-986 598
7099 1139
15762 12537
-1484 27858
-17956 17755
-16664 697
-5882 -6470
4180 -2911
2171 -1071
-1104 -470
6322 3001
-5 10290
-10071 9248
-15265 1364
-6975 -6822
2661 -430
-8004 8640
-18355 -2554
-16128 -17067
3847 -19136
8684 -8025
1823 -765
858 -881
1737 1289
-5811 4121
-12776 -668
-14276 -14919
1368 -23141
9262 -13849
8080 -575
-951 -2365
-2388 -13483
13969 -10377
14663 -1866
7938 8021
1472 2486
159 1430
863 2250
-3790 -2791
-603 -13036
13736 -16276
26105 1896
14484 17072
-1381 15956
-3387 4384
2665 -1623
6108 9393
-2850 10754
-4233 6242
-483 2138
2107 1281
427 3560
-1354 2367
11228 -1660
15881 14825
1789 22132
-18559 18177
-21449 -2024
-8427 -6133
512 -2141
-1909 1835
-5413 -1413
-777 -312
991 3341
-3430 6092
-9321 -498
-3292 -3238
48 2523
-9973 8245
-17627 -1606
-17609 -16925
-530 -24258
13157 -13551
7739 -464
1440 1900
1312 -2778
-2151 2263
-6113 -1227
-8391 -8060
-972 -17065
10003 -10916
5603 3041
-3513 -1514
-1903 -10277
13803 -13922
22922 -1799
10919 13458
1272 8127
171 3093
-117 250
-1664 -2804
1991 -10232
9529 -10694
22121 716
14540 14483
3307 12785
-1861 3405
8164 -1897
9690 8854
-1076 16656
-10347 9298
-5682 -642
-2829 -844
1541 2598
3177 262
6255 1028
9550 11798
1953 23448
-16689 16002
-22902 1795
-8912 -8633
481 -2190
-2812 4267
-12008 -230
-8275 -5711
-972 -2337
873 1107
-2494 -3728
-2787 -5039
2388 4093
-9113 9069
-19195 2167
-19319 -18941
2789 -26181
12934 -12727
11145 -436
2804 44
248 -5390
3652 -4910
-822 496
-5256 -4000
483 -10414
7733 -4991
7448 260
-2635 143
964 -18487
14976 -15252
21677 151
12823 12599
-1357 14265
-1509 5197
4962 211
-158 3398
1 -3128
7782 -6934
14548 433
17932 10775
-2573 10675
-2970 75
8396 -594
13048 12351
125 18254
-13755 15634
-15237 2366
-1584 -4133
-472 -4078
3245 -1298
4067 1696
9095 8713
2707 16589
-14682 18219
-19018 704
-8002 -7883
2310 -34
-6450 9206
-12689 307
-11020 -10284
-2514 -12588
4353 -3051
-445 1689
-796 -475
100 2334
-8451 8463
-20175 -1493
-15073 -20451
315 -29040
15108 -10961
6435 -1784
1899 61
-23 -9173
9083 -8197
3552 -718
619 1908
-901 -2700
4551 -3968
4 -177
-4321 -4663
-1447 -15557
19263 -13370
25568 3203
19469 17536
-1903 15825
-5252 6023
1016 -819
4769 4202
171 2327
4242 -251
7931 1072
7204 4481
-1062 9176
188 1319
9281 -1934
11963 15242
-1929 22125
-16084 18153
-16515 1801
-7324 -4850
555 1406
-2657 -87
-1651 -2055
2805 364
524 10097
-9776 10056
-14491 317
-5685 -9394
-1978 2264
-7423 7862
-17556 428
-15043 -15966
2068 -16223
8311 -7986
4291 -1238
-1326 3395
-124 1549
-5068 591
-12628 2918
-15251 -12735
-55 -19516
11329 -9382
5399 758
-2924 -5208
-1729 -9813
11455 -14677
16511 -3515
8897 6739
60 3894
854 563
-889 1473
-2863 -4349
-1273 -13071
15258 -16603
28076 1657
14161 15344
878 13864
-809 7436
4949 420
6695 7899
-2749 8926
-5421 3498
225 -854
1969 3949
-4224 7107
3447 -700
10055 -1955
12805 12287
3486 25815
-19022 15883
-19247 1789
-5949 -11429
1855 -2563
-2741 4738
-2718 -1652
1331 -4027
1939 1086
-6281 5040
-12093 2549
-4326 -5318
1687 2409
-6573 11913
-22479 1741
-18081 -18611
1957 -22883
10624 -12246
9572 -252
2702 1895
800 -2233
-1295 -916
-8108 17
-8466 -9648
-1649 -17137
10041 -11097
6907 370
-2726 -7640
-1936 -12722
15759 -11331
22276 -710
12058 9591
4370 4983
-2947 918
517 -807
-1303 -63
-110 -5709
11368 -13118
21451 -2135
13798 13490
526 14266
-3961 6540
6128 -2063
7705 8619
1153 17832
-9649 10072
-8002 3507
-1440 -42
1284 2102
-3752 -990
5770 1145
9234 8262
898 23641
-16776 18812
-18870 -1163
-9014 -7774
758 -6514
-3795 4840
-8027 36
-7334 -4607
-847 -2561
-654 -856
-6145 882
-453 1400
-65 -206
-8488 6154
-22367 2203
-15977 -19226
-1699 -22501
13608 -13721
8184 107
4638 461
-598 -5269
3421 182
1738 -2523
-4137 -6774
1210 -8269
4739 -8605
515 -1557
-7143 -265
-1511 -13927
14223 -13453
25708 -159
12833 15529
-1357 13710
-897 4955
396 2351
943 424
-1292 -6373
6812 -7936
14380 660
13575 11707
1190 10307
-835 1113
6647 -2217
15822 12752
342 23338
-14298 18086
-11147 1775
-4771 -5036
940 -1906
-4282 3105
4559 -289
10401 8272
-2448 18066
-12945 14068
-15783 449
-7122 -10067
1667 -109
-6612 4354
-15665 1183
-11188 -12712
-1863 -8684
403 -5031
-1756 -1020
-3000 -2053
996 3717
-7585 5313
-17621 407
-19431 -15009
3450 -23829
13576 -12378
9883 2160
-2504 1359
-1885 -7306
4542 -8598
9104 276
-2096 3797
741 -1935
4823 -1092
2268 -976
-3885 -3799
-2148 -15972
16790 -17484
26850 -35
18388 15928
2528 15689
-5176 9372
2113 1105
1634 2148
-238 2287
2031 -574
7605 -2109
6627 10172
-2104 8383
1688 3631
10280 2749
11289 11550
-4 25994
-16755 16973
-18902 2672
-6025 -9638
774 -3696
-3107 788
-1175 754
2537 5917
256 10138
-11454 11065
-15892 -1245
-5699 -5862
-2476 -1862
-8774 7942
-20652 -2868
-15332 -17056
-220 -20814
7331 -9276
3599 -1867
33 1028
-3008 -369
-6320 7150
-14199 -566
-12176 -14708
255 -21448
13779 -13422
8731 -1004
-1849 -1995
1118 -12542
11293 -13034
15161 -2175
5335 8789
-3050 4284
1325 -2447
-1735 -716
-3691 -1975
-2547 -15573
11785 -15613
24563 -213
15341 19051
1209 17538
-3408 5235
1512 -3516
6538 4548
3189 9349
-5879 4476
809 -2162
5747 5246
608 5962
-2579 1522
9432 223
13888 17130
1732 25779
-19425 19089
-20912 309
-9826 -10480
722 1121
-1962 2782
-5471 68
-2553 133
264 6596
-4230 6296
-12261 1221
-4080 -5382
-15 3806
-8052 10427
-25634 -1356
-18185 -16673
-1747 -22403
11692 -12085
4541 -938
-1445 -1696
8 -2157
411 302
-5337 -1649
-8948 -11794
544 -14852
8109 -10758
9937 1128
-3918 -2915
3274 -11507
13935 -15480
21005 2387
14763 11110
-1362 10267
71 -300
-87 -2211
1109 -3104
-3155 -8214
11682 -10030
18779 -768
13509 14085
-2680 13753
-4084 1857
5187 -1591
9423 10115
276 17159
-10382 8344
-10053 2102
-2274 -149
-956 2199
-4759 -3308
9648 -7
7938 12187
-386 22070
-17135 17615
-22328 -3279
-6937 -11219
-421 -2251
-6577 4970
-8862 -168
-2702 -5716
3336 -4828
-2201 -3741
-3511 -65
-5044 -1927
56 4806
-11003 9211
-19881 305
-16653 -20081
-1059 -22686
11927 -13235
12697 -1762
-732 -1583
-2646 -4027
1221 -5414
-3702 -1694
-1725 -6740
-619 -11703
9670 -8060
2683 -2343
-3615 -4633
-1541 -14941
19409 -17357
25009 -91
13098 15299
3008 14514
-6832 357
-1012 -2761
140 113
813 -3763
4260 -5480
14444 -2591
10228 10382
-961 10806
-2856 1844
7798 -2560
13192 11975
1178 20116
-14377 13928
-16484 -19
-2810 -4729
-1926 0
222 2234
4542 -9
8232 7030
-1795 19018
-16161 14289
-19599 -1092
-6283 -11058
219 -1221
-7783 7088
-13971 -1062
-13489 -10818
-929 -12043
3991 -2355
1835 877
544 -1057
387 2711
-6889 6198
-19406 423
-15750 -19180
-1143 -24330
14200 -16021
10079 -55
-1332 -657
-1268 -7460
8232 -5989
8259 -478
403 -452
1411 -3080
3480 -2002
2025 -208
-3172 -5312
-257 -14084
16702 -13964
25510 2424
17926 15682
-1572 14567
-3035 2576
2679 -1817
3226 5640
676 4975
568 -2579
7674 1819
6351 6075
1192 8722
-2720 -1246
6036 1088
13110 13613
-3337 23646
-19036 16004
-18932 1895
-5012 -6563
-264 -1909
-1325 1877
129 1290
3896 5355
-364 10033
-14236 9639
-19242 -2662
-7266 -5486
874 2439
-5498 9545
-21350 -4
-18660 -14957
4008 -19707
8804 -8652
4043 390
-1784 -2985
894 -1186
-4270 4160
-12544 -21
-18098 -15110
3088 -20704
11488 -11869
8392 1024
-2763 -4484
667 -13479
9529 -9364
13629 888
7950 8571
3773 3275
868 -227
-28 -508
-7416 -4773
2609 -11587
16922 -17126
28885 -994
15105 14944
946 14293
-2525 4244
5288 -847
4910 5467
2470 9011
-7596 5301
-947 579
807 3067
-2417 2474
1591 -2084
8113 388
12138 11549
2447 24545
-18156 19480
-21523 -1370
-10171 -10795
-2687 -3269
-230 1830
-4994 -595
-2526 -825
-44 6747
-4541 8893
-10629 54
-6245 -5539
-1105 -939
-4857 10594
-22886 -301
-18709 -20446
-1182 -24728
12081 -11467
8846 704
685 36
-541 -2042
-302 2661
-8871 -85
-7086 -9411
-1124 -15026
11478 -10830
6900 112
-7160 -4286
2084 -15343
15467 -16416
18699 4716
12961 11088
-1355 6578
-569 795
-945 3311
-2989 -197
1286 -5907
13471 -11151
18942 1251
17273 13080
-2609 14285
-3053 5100
2979 -2032
9678 6863
-2111 16879
-12265 12297
-5694 -648
-2431 -1008
75 -1639
-1794 -142
7274 -1974
11833 9142
-1639 21230
-20984 15636
-21999 -2741
-9036 -9438
2179 -3443
-6561 6627
-11116 3
-5887 -4189
2365 -3068
1296 995
-6229 1437
-2255 -1731
830 1092
-7070 7160
-19739 -2278
-16250 -19265
-992 -23193
12917 -12756
10391 111
441 1452
-31 -5936
2918 -4488
-1936 1200
-5620 -5187
3010 -9664
7344 -7637
2571 -2457
-2266 -4421
1006 -15234
14679 -17846
25328 50
17914 14702
-279 15495
-3715 2639
933 2430
1768 54
3634 -3598
7189 -6047
17950 -2427
14295 13116
1065 11952
-3271 2476
4502 -536
11143 11281
-1338 20591
-12914 12215
-11991 373
-6786 -3645
-569 -2504
-1205 3991
6769 -33
9909 7843
-13 19735
-16253 13434
-20864 449
-6970 -7504
-1097 -2012
-5691 7062
-14728 372
-8354 -12692
-12 -13686
4964 -4891
1241 261
-4145 -3184
2532 6367
-6418 5428
-20422 1407
-16852 -19654
-182 -26212
14573 -13688
9832 -1684
-800 -1624
1565 -10719
8375 -6191
9166 761
2503 3824
2431 -3560
2407 -4562
2528 -2791
-6512 -6936
-2322 -14459
13613 -19879
26970 -372
13831 11718
1075 18872
-4214 2878
3422 361
1177 4040
-1317 3205
2921 1197
6858 -4
6972 5109
943 8415
-4332 2035
10070 578
10876 15246
1024 23906
-14637 16125
-17395 -94
-5944 -9171
1263 -4488
-2175 2099
1563 3252
2519 8254
2320 11691
-11948 10862
-17989 4001
-7231 -6666
445 -1677
-6804 9296
-17356 878
-14371 -16932
499 -19219
9235 -10087
4911 267
-839 -1439
-21 1801
-6323 -334
-13673 -2552
-14788 -14856
445 -21398
11901 -13920
10413 473
-4579 -375
1196 -12190
13993 -13307
15546 2817
6623 5240
38 2070
539 611
2 -1048
-4060 -3549
-23 -15281
14608 -14950
25764 -2763
13928 16112
1823 16123
-4302 3721
5665 -13
6784 5476
-759 10980
-2798 5843
1312 -331
1434 3852
-668 4944
-6 570
8440 1351
12479 14158
-2141 23426
-18175 18916
-20673 662
-5320 -9212
161 -2152
693 -238
-6047 -2108
-1270 -1873
732 3901
-9386 7389
-10579 -498
-3356 -5531
-1034 534
-7879 8236
-17520 1181
-17320 -17541
-872 -21339
13074 -9457
7417 -305
-2764 -1546
-2357 -1397
326 436
-4893 -124
-8816 -8823
-878 -14861
12001 -8233
6977 -1112
84 -2860
748 -13144
14994 -16134
18912 -2805
11099 11195
1217 8374
-2340 3079
1638 1975
-1183 -658
416 -9837
11287 -9121
19619 -235
15050 12550
2142 12313
-3715 1088
8701 704
10437 6395
-1201 16046
-8759 8548
-6993 -489
-2672 -1919
2657 5890
-353 -230
10224 855
10233 12965
-2026 24696
-17863 17740
-21410 -94
-7510 -11949
-718 -1099
-7526 4266
-13249 3524
-7250 -6447
-1127 -2764
-588 1109
-5661 -223
-177 -1349
533 3050
-7701 8190
-24212 -1327
-17233 -16493
-73 -25796
13370 -13365
7936 -314
1199 -392
2258 -6740
2766 -2623
-2911 2703
-4413 -4050
2894 -9649
11083 -6924
4710 971
-3330 -1862
96 -15954
16108 -17639
24309 1841
14643 13784
3759 14096
-5039 1295
-1734 970
3 1464
1110 -4741
5002 -11305
14592 -2745
11287 10483
1096 12665
-2939 2094
8813 3982
13109 11971
-2891 24385
-15056 15079
-13870 -1033
-4893 -3388
-2044 462
-369 1143
5797 -180
8620 8611
423 17592
-16986 16273
-20112 1275
-10897 -8120
-3078 4063
-7642 6408
-16200 1067
-12282 -9249
328 -13181
4879 -4787
423 -1173
-539 -179
-1711 5366
-7058 7151
-19923 1791
-15187 -13339
-2325 -23268
10694 -16474
7533 -1865
-2229 -2616
2176 -8392
5372 -9223
7624 -2316
663 2689
-2299 -1681
2411 -1510
-903 2326
-64 -5824
-4839 -12492
14592 -15322
24578 1903
16097 16436
2259 17194
-6016 6813
533 331
3138 3045
1620 4056
-938 -1568
11513 2090
5820 5106
-374 10097
843 2925
10576 816
11847 12888
-622 24692
-18876 16109
-17787 2405
-8102 -5706
2362 -2116
-2453 -209
969 421
4137 1465
-947 11642
-15504 12722
-13974 -2221
-10438 -5696
1852 935
-9052 9200
-19613 709
-10668 -14255
17 -19435
7787 -6696
7135 -255
308 2273
-2807 1486
-4609 5920
-16243 -602
-15155 -15027
-1311 -21658
11178 -12886
10902 3018
-2489 -3112
-46 -12916
9189 -12604
18535 -307
10780 8158
1697 2679
1855 -2275
-860 -1538
-547 -4285
-1364 -11675
12061 -12996
25547 -1764
15207 16432
-165 16585
-5447 4313
2927 312
10284 6819
-82 8632
-3887 1370
3270 761
6077 5168
-3174 3066
-1883 -792
8632 338
11494 12240
1607 23164
-19432 17934
-20899 -265
-11701 -13703
-1230 -94
-3917 4914
-4028 3400
-2143 -566
567 4349
-8107 5457
-8040 2510
-3593 -4125
-619 2464
-7411 10141
-21331 710
-16934 -16516
-641 -23038
10969 -11664
9474 -593
1246 1144
-2109 -4913
205 1112
-8066 -2964
-8949 -11969
-1213 -14132
12670 -9303
7958 1006
-5839 -3940
-1398 -13326
16297 -14646
21962 479
9917 11016
1020 10113
-139 3229
3040 3450
-874 -2430
2216 -8197
12862 -10266
20744 -2793
14703 14062
2380 16082
-1950 3505
9164 -1947
11036 9878
3019 18932
-12655 9928
-6481 233
-203 659
-718 -613
-63 292
7891 -521
9014 15730
1002 24720
-18407 18535
-22325 506
-11056 -5555
-1815 -2518
-4391 3576
-12546 -2151
-7920 -4986
3052 -2632
-1040 1905
-2753 -624
-2471 -3462
1660 2007
-8125 8355
-18917 -1234
-19976 -17450
27 -24218
12473 -12701
8877 -197
2362 -404
1564 -3005
3176 -2291
-2950 -1797
-4849 -4338
4847 -9449
5474 -5583
4723 -1483
-2932 -6580
430 -17128
17561 -15470
24235 -944
13860 15793
891 11861
-3927 3301
1724 -891
-422 -2081
-1206 -1263
7840 -6892
15502 -1852
10164 9920
-1361 11864
-3161 3071
11381 934
12660 11102
953 21769
-14397 11935
-15062 217
-1388 -6344
1933 2520
-2197 -39
1432 -2498
10268 10756
374 18132
-14819 16654
-19530 660
-6062 -10404
-2399 -1379
-5352 4658
-12804 -933
-11264 -11150
-2133 -16279
1324 -1268
190 -3477
-2452 -2792
-1909 -1138
-8407 6536
-20164 1442
-19535 -17318
-2591 -23696
14979 -13440
10807 1713
-1466 -1578
160 -11039
5722 -8052
7920 -197
-1582 3732
-1100 -3877
6680 -5109
1001 -1773
-3794 -3396
694 -15299
14883 -18728
26782 -447
16861 14864
1897 15779
-1798 2136
2271 562
4120 4745
-382 3570
582 -1445
7499 -513
9360 6335
-700 7771
1288 628
11113 -2616
11968 14307
-943 26251
-15124 20492
-18815 -1161
-7421 -11349
-1693 -3824
-4918 4740
455 -2005
2965 2152
-2463 12690
-13381 9705
-11325 -62
-3899 -4648
991 -574
-6889 7819
-18034 -1011
-18858 -12247
-1462 -18372
5769 -9656
6731 -2492
2409 -138
580 502
-3927 3097
-13797 -646
-14054 -14494
436 -22883
7865 -12441
9680 193
-3333 -5572
88 -12296
11198 -11434
13550 -541
8563 10139
-1929 4779
-209 756
-480 -366
63 -2546
-1533 -14425
16314 -16057
22523 2616
17282 14362
-1858 17694
-3465 3749
2001 -3184
4908 5023
2228 11290
-2108 2746
-800 -1047
3167 4641
1606 5167
-1803 -1144
10417 -1310
14570 11690
591 25589
-18901 15126
-20170 -345
-6508 -10644
1491 -2416
-2962 6172
-4805 328
304 -340
1144 2614
-7014 8818
-10958 -1182
-4190 -6267
-10 3760
-9609 11981
-21616 -938
-19847 -16187
-2027 -20709
12565 -11533
9044 1702
210 -1809
2559 -23
-1706 1468
-6284 637
-7786 -7318
-665 -15536
10789 -10731
6313 1407
768 -4667
-1961 -15566
14900 -15085
19412 2711
8474 11699
-601 8691
-1235 3331
1454 1044
-2004 -2865
-2021 -6763
12580 -11013
23611 -3562
13544 15351
22 15371
-3755 5452
6559 -2303
8476 9820
-776 16979
-9983 6366
-7723 638
-1849 1883
55 2336
1171 -1396
6637 3413
12587 9111
877 27306
-17484 16534
-21250 -1987
-9946 -10913
1765 -1817
-5534 1561
-9390 4274
-6657 -7157
2132 -4696
-1176 1189
-6038 -3881
-2246 -3177
1564 4610
-6727 8692
-20131 3274
-18605 -17200
-1781 -24166
13135 -12842
7122 144
2976 -55
-440 -4917
2633 -2738
-470 -1414
-4212 -2425
-1681 -10293
9642 -7237
4557 928
-4949 -7547
1778 -14650
15775 -16721
24775 24
16298 12958
404 14900
-3688 5059
-583 -1178
-68 256
3029 -5005
7882 -9575
17088 904
13134 11012
2229 13653
-3152 2769
7059 634
9622 13413
2873 17133
-13970 12698
-15813 -1662
-2332 -1958
-2351 -2099
735 -610
4268 -1155
6452 7847
3063 18707
-13942 15705
-18684 -2152
-9144 -8923
-444 -1802
-5910 3273
-17463 885
-11613 -12829
2682 -8875
5977 -3349
2668 220
-2699 -1637
3942 3872
-5973 6108
-15730 2669
-16071 -16750
-1712 -25813
14079 -14249
8135 314
-2818 -762
-1925 -8622
5701 -6479
9585 871
683 807
291 -2128
5774 -5938
319 837
-1003 -2307
-611 -14598
18467 -15948
26920 -2080
12854 18357
-645 17248
-4802 1936
3321 -396
4871 5902
767 2670
2167 -2488
7971 2991
8520 8329
690 9535
-1809 -786
7374 -1786
15797 12266
-1348 23205
-15070 17865
-19832 310
-6991 -5780
-594 -4336
-697 5423
1440 1668
4125 1521
-1993 11016
-9380 12557
-15736 -1466
-4099 -6296
-1221 3953
-8423 9468
-20209 122
-17381 -13302
-2204 -19346
7544 -6829
3435 -1963
1309 913
2148 -256
-2850 4576
-14503 -1088
-15629 -15609
1845 -23969
12075 -11733
4909 1116
-4290 -617
-941 -11390
12469 -9988
16412 -2221
9428 8229
72 5229
2303 1891
33 -1124
-4980 -4477
-497 -11061
17692 -14938
24923 -639
16331 17030
1472 16385
-6436 5628
5956 1930
5986 6782
-1938 10775
-4712 8034
-1309 -231
1957 4266
1858 4706
-1026 -2830
11964 -675
13642 11223
1968 22356
-17710 18436
-21761 -1380
-9289 -10311
-97 -2205
-698 430
-4589 1365
-332 -4761
-691 4276
-12192 4560
-8870 1627
-6630 -6901
-1528 3439
-9658 12000
-23102 2210
-17463 -18602
-1028 -24271
10907 -10040
5178 312
-281 2341
-772 -241
-1902 -721
-5952 4087
-9638 -9886
2216 -15945
6815 -9046
5161 -152
-3915 -5015
1738 -14867
15241 -14481
20026 629
9881 13472
145 8610
-428 4068
-72 -1513
2281 -3127
1642 -7677
12161 -12158
20854 -775
16959 14755
1430 16553
-3862 3605
6005 -869
9794 7677
-3476 13939
-9664 11154
-7506 -2182
-1735 -326
-1565 344
252 -527
5620 -448
8958 11206
-1125 23693
-19334 17203
-18634 910
-11960 -7096
1333 -3404
-6902 439
-10849 -794
-4845 -6980
457 -5452
-1143 -65
-5152 -2152
-2176 -3120
872 4279
-10556 10413
-24180 921
-16651 -15130
-488 -26003
13001 -15985
7260 -309
167 2579
3137 -5559
1141 -4385
532 1241
-5201 -4397
-370 -9924
5443 -6060
2962 -536
-4489 -3593
-68 -14973
17027 -14768
25760 -1937
14522 13907
1066 12639
-4749 1278
-251 -1267
6202 810
-1988 -3742
6310 -7627
14168 -509
11338 10453
-2003 13902
-790 1775
7728 2347
11836 10566
1140 22876
-12786 13884
-14030 -2063
-4045 -5986
461 3077
-1460 2184
3958 751
6337 8682
-526 19015
-16136 15840
-19220 -872
-4814 -6742
193 1007
-5515 4401
-14672 2329
-10571 -11477
828 -13636
1695 -4092
597 443
-1107 -2151
449 3687
-6319 8811
-18534 577
-14780 -17073
936 -25061
12692 -12999
9783 1197
3412 -1832
110 -9363
8393 -9330
10893 1907
66 975
1004 -3339
467 -6038
-250 652
-6590 517
2663 -15976
14233 -20290
22850 -769
15938 17152
-1212 16376
-1526 3667
-119 -2684
4817 6395
-819 2833
2608 -910
10012 3554
10962 5682
49 10638
3827 -4842
7357 1047
13624 11311
-355 25332
-15854 14399
-17220 1444
-9306 -9010
-1838 -218
-847 6
-1801 -3452
3880 2795
-192 11478
-10466 12189
-16674 -729
-7714 -7205
-1391 1292
-9582 9605
-17243 -96
-14848 -16470
884 -20120
6654 -8559
3618 -2159
3119 413
-3908 -1472
-5026 4819
-14415 2242
-15496 -17734
-2592 -24034
11102 -11974
7985 3949
-3175 -2451
1053 -11657
11929 -12513
15322 -526
6084 5444
2635 438
-1782 -225
383 -718
-3209 -2211
1329 -13050
14682 -12272
27579 -1230
16794 15005
-1088 18039
-4259 5391
5056 -669
7624 6839
-600 6868
-5335 3730
3126 943
2681 1442
2023 3418
2292 -2239
7536 -676
15069 14553
1365 25166
-20664 16329
-20363 -114
-11272 -5150
-2099 -1099
-3203 1553
-5036 -544
-2212 -2587
2568 4199
-8021 5451
-13880 -165
-2717 -5223
565 2388
-8561 7410
-22036 732
-17834 -15913
1689 -24548
9857 -10913
9010 -108
-23 -3371
688 286
-4389 -1437
-6287 2003
-11669 -9823
1801 -13937
11544 -8520
3847 -488
-3659 -772
3064 -17026
13982 -15713
22787 1969
11033 10881
1258 6717
-2905 -2532
-242 -1336
1658 140
-1813 -12069
10390 -9707
18354 -2607
13321 11791
-141 14801
-3093 2481
4680 550
8500 8423
-355 16818
-7736 11702
-8577 -1121
1204 -363
1504 1400
-1809 -1791
8161 2670
12068 13959
-724 21514
-19796 18693
-21866 -717
-9135 -10851
64 -6523
-5639 2390
-10112 1185
-9499 -6565
-1341 -3805
-2958 2118
-4553 516
-3718 -2395
-275 2903
-8084 9895
-19550 -253
-21657 -15771
969 -24036
13373 -13567
10902 -3201
-528 204
-2489 -7124
1427 -925
447 1631
-2920 -3834
-1102 -6907
9688 -7846
4214 -2698
-6240 -3456
-3558 -19714
21222 -14823
25050 -959
16956 16282
288 13264
-3731 6659
528 -106
-1076 433
-443 -4561
7506 -6721
15317 2237
11684 12556
69 10210
-1472 508
6337 333
12383 13209
1427 21041
-14717 13373
-16452 1638
-3695 -1149
-2102 -2406
-705 -2790
6963 -350
6925 8773
4099 17793
-13919 16244
-19584 1748
-6847 -7275
-2178 -1978
-6650 7801
-17670 -1809
-15931 -9266
380 -11678
3727 -4966
-2171 -708
-940 -444
1286 2323
-7806 6907
-17352 -268
-16562 -20072
2301 -22527
16877 -11021
7626 1717
-2076 -1057
34 -8456
3823 -6798
6729 -332
2866 -645
-2266 -947
5358 -5309
832 -1808
-3531 -808
2160 -18186
16056 -15554
27511 -80
15702 17802
-2729 17506
-7873 5515
2572 4608
785 5256
76 3286
2912 -813
8801 556
6932 7851
-802 10493
-1622 1575
10310 -226
12557 15059
-2199 25065
-15468 20986
-20399 2854
-9292 -5067
-2123 -2685
-2950 747
68 1171
3292 -71
1222 11731
-10272 8545
-13799 -3012
-7055 -8058
-881 1418
-7635 7252
-18062 -417
-14898 -11529
384 -18574
5412 -10058
3330 329
-1446 -355
-5 2172
-4382 1308
-17250 -2148
-15941 -12907
2104 -20251
13983 -12678
9241 -786
-1073 -5247
-2671 -8533
10196 -9773
14696 236
5371 5810
4020 7296
95 204
-560 -2116
-5269 -4174
-2926 -14693
12848 -13150
25311 -988
15231 18087
-947 14848
-4735 4337
1473 -1742
10153 8157
-1300 9481
-2262 4673
-1149 3912
1553 3002
1516 4643
2318 -1223
8516 182
10899 12847
-884 21396
-20916 19174
-21935 -374
-7586 -8685
911 -5235
-3705 -215
-7125 -710
1047 -731
-3572 3067
-5267 7145
-8775 -2522
-2159 -4348
1647 1678
-10134 11312
-22671 -1233
-17411 -18093
387 -25357
10081 -10340
7082 1392
-502 3282
2953 -1796
-2333 2376
-11168 -730
-10760 -9996
782 -18399
8863 -11842
5086 1612
-2714 -485
-290 -16160
14837 -16242
21441 -1481
9584 12793
102 8794
-923 4215
-1022 -2096
802 27
867 -9814
12125 -10845
22714 1414
12109 15866
-4079 11355
-2756 3050
8092 1771
9079 11179
-1316 17458
-10321 10983
-9750 1729
-205 -2468
-156 -284
1705 930
10077 -557
14324 9287
541 24572
-17748 16424
-23024 1368
-6844 -4146
-570 -4059
-3460 4466
-11826 -2330
-6666 -5666
894 -4847
634 1732
-5089 -1651
-3367 -5234
2225 3023
-9061 9204
-22372 -2969
-17375 -19271
1409 -24917
14238 -15334
7036 -1222
461 2425
-1768 -3718
3102 -1449
-4534 3039
-4574 -331
-1438 -7569
8208 -9817
4090 499
-3111 -2748
1659 -15304
15293 -14628
26382 -170
13702 12105
-2586 10161
1024 3677
-763 -303
908 -2295
-165 -3357
4475 -5685
13382 -893
11175 10521
-400 13539
-2632 802
6616 474
12685 12306
-505 21887
-15094 14776
-13595 -1151
-3986 -5106
1045 -2956
-2057 131
4151 -31
4859 8652
-1896 18426
-14040 15484
-19312 -61
-9552 -8414
2904 -1830
-4787 8143
-17485 2279
-12881 -12216
-2867 -12518
5468 -5008
-246 -3842
-2147 -11
-300 2724
-6048 6386
-19755 886
-18641 -17550
-551 -24985
10746 -12311
11807 3437
1584 -3552
-979 -6481
9189 -9829
8033 222
1507 -1124
517 -1762
4059 -2708
786 -1014
-2969 -5607
-713 -14093
17295 -15768
26023 593
12684 18575
790 15258
-3654 3638
1973 294
3808 1085
695 3745
2580 -3359
4732 567
8773 8851
-1660 8622
1916 3862
7466 1099
15368 12433
18 25945
-17256 17825
-14074 1639
-8613 -8372
377 -5936
-196 331
-1604 -2765
5818 3096
2384 15174
-12702 11932
-17543 24
-7279 -8068
-1370 -16
-7156 6078
-18131 -421
-14428 -14127
1139 -17155
10845 -8827
3937 -793
2402 1630
780 267
-6463 4688
-11799 -393
-12968 -11167
-811 -22729
13335 -13570
8255 598
-1446 -1956
649 -15110
11425 -13387
14692 1039
9205 6565
448 5088
1227 -1340
3661 -872
-1271 -2080
658 -13280
14055 -12440
25475 47
15208 18172
-167 17642
-4497 3601
2498 -460
6925 6667
1675 10115
-3970 3469
-1623 1183
5169 2486
2724 3701
988 -1142
8544 1237
12994 13258
695 24257
-19419 16765
-21657 2635
-8745 -7840
-336 -1394
-1529 428
-3631 1203
15 284
1599 5079
-7390 5876
-15429 727
-4307 -4761
-2928 1482
-7764 8645
-20150 -941
-17337 -15974
2230 -21143
10681 -11244
9795 -933
-832 2177
1256 -2192
-2131 -3961
-11029 2322
-9247 -10103
362 -15092
10051 -9014
3472 118
-5140 -2260
-1712 -12248
14748 -12268
20395 2047
13057 13028
-4242 9402
-1630 6413
868 -5495
-1043 -373
-2100 -7565
10098 -8928
18256 686
16483 12524
277 16126
-5426 4963
3339 1850
9778 8619
916 16433
-13271 10724
-8106 -463
-1862 -3474
742 -1095
-416 -876
8505 558
12278 12086
-313 23284
-16614 16538
-21406 2510
-8230 -8864
2121 -4465
-4430 4764
-9797 159
-5993 -6307
-1794 -2259
-174 47
-7085 -2534
-1543 -2357
1176 5099
-11252 8693
-22633 -53
-18614 -18485
2060 -26438
11587 -13147
10075 37
-573 -501
-2817 -4465
2521 -4571
3723 745
-3972 -6897
-1356 -11947
7574 -6285
3503 -2401
-6786 -6161
-119 -12551
17357 -17552
23005 216
13188 13301
-1113 12306
-4279 4715
2039 1182
-2336 2428
-578 -3065
7944 -8197
17161 2487
11617 11530
-184 15450
-3585 -388
6419 749
10797 11058
-806 25813
-14883 11660
-11720 3553
-3102 -5545
-2058 -1292
1159 141
4364 1668
11560 8999
-2393 20120
-14218 14142
-17343 -112
-13473 -5590
-782 816
-4748 8317
-15775 -1434
-10645 -7840
941 -13721
4014 -2207
-1232 -259
447 -177
1991 3034
-8943 4813
-18696 -2372
-16368 -14848
6 -21889
13237 -13356
10058 -203
807 925
250 -6949
8266 -7112
10147 -3213
2681 3433
-1463 -3878
2010 -4104
2192 -333
-3240 -1342
-3651 -14008
15317 -15976
26367 874
16488 16991
86 13719
-3980 4774
3777 399
5741 2876
-433 2622
-930 -1794
8238 3097
7607 5770
-403 9383
655 1007
8931 1665
15122 12162
51 27810
-20488 14205
-19539 -1782
-7435 -5577
-2684 -1380
-1505 709
-353 2578
4294 1269
-1324 8849
-11823 10157
-15587 -1372
-6381 -8844
-4619 16
-8600 7040
-18504 -450
-15280 -15289
1638 -18876
7301 -8946
2485 -382
-38 -2406
3157 2311
-5098 4024
-12573 -475
-13171 -16639
-1320 -22782
10973 -11745
3725 1667
23 -1098
969 -14459
11140 -12907
12907 -110
6476 4710
1296 4516
-42 468
-1627 -1065
-1927 -1498
-4427 -13594
17679 -17996
24262 752
19126 18299
-1608 16498
-2467 1726
4160 -2464
8317 6417
568 12106
-4196 6236
-841 2849
5203 4489
-133 5838
530 -878
9939 -663
10392 16853
-610 24138
-21968 16349
-20137 -2725
-7371 -10224
-599 -2955
-3372 1792
-5296 1425
-268 -776
49 2563
-2737 8243
-11116 2928
-3272 -3914
1587 4093
-4867 7519
-20119 -752
-16953 -21938
715 -19916
10395 -9120
7572 1581
1351 1581
-96 -3986
350 -970
-6112 2575
-9154 -10065
-292 -18125
6155 -8820
6675 2361
-2388 -3094
965 -14229
16024 -10407
22273 -1305
10783 11091
2443 9500
-2590 1627
-2097 -617
-3429 -809
-220 -9263
9331 -9768
22877 -496
13332 12052
-2573 14818
-3219 2906
6235 1696
9718 8818
-608 14380
-8255 11593
-8159 755
-1540 -1995
-410 -466
752 273
5162 2424
12958 7951
1328 22892
-19000 16349
-18076 840
-10504 -6102
-3057 -2133
-5206 2859
-13402 -2186
-7700 -6123
243 -2996
75 2012
-2071 -621
-4138 -2954
-100 219
-8935 8517
-18009 865
-18893 -15865
-940 -26608
11416 -12418
8313 -190
1778 1834
1592 -4852
2981 -4584
958 -312
-2773 -2477
-349 -10250
7677 -5540
1538 -597
-5103 -2477
-2023 -13976
14787 -17337
27964 669
13710 13858
541 11174
-3810 2032
-241 1276
1782 2744
-1844 -1555
6931 -6143
12897 2117
11342 12478
1005 14348
-1477 1768
9108 -2483
13903 13248
-4126 19571
-15354 13462
-14363 -281
-5778 -2486
-615 904
-1500 -2296
2756 -1598
7782 7357
-1063 19773
-12893 14654
-18423 -798
-8713 -7851
-2559 -2326
-4014 5323
-15393 2327
-13793 -10535
-938 -10800
2677 -4069
-2668 -673
-2944 -3581
-645 2387
-10377 12321
-15404 180
-15369 -17475
397 -23737
9858 -10813
9300 4630
-127 -1560
-764 -4205
7987 -8374
8156 822
310 -973
30 -2663
-289 -1384
5317 -1107
-5322 -7177
-1554 -13902
16461 -15012
26592 -114
18371 16457
-956 17294
-4226 2538
2442 -496
4168 2775
-1472 2642
2825 -644
7035 -666
6182 5184
2158 10669
-1198 1845
11527 509
12936 14657
-233 24186
-19507 18756
-19280 -2554
-8411 -7297
-14 -604
-265 -742
2020 1776
-113 6827
-970 13034
-10523 9705
-16556 -1061
-5489 -7112
1663 496
-8758 9220
-19601 -72
-14022 -9528
2142 -22056
6936 -7523
3023 763
-528 434
-1720 1943
-3484 3832
-17461 1599
-12831 -12161
-19 -22681
13609 -13554
6796 -1679
-2744 -3947
-2609 -11715
13455 -10435
14451 -1750
9214 4323
-1128 1556
-2320 30
-216 674
-4085 -1161
1105 -13245
15197 -13182
23452 -2158
14327 15399
2619 16962
-5035 5586
2314 -2473
8226 7527
2164 8269
-4906 3047
370 -2737
2931 2336
-591 4095
1676 1599
9889 302
11663 14684
-929 22637
-20317 18302
-21335 -676
-8290 -6102
-2364 -1358
-2067 855
-3289 -303
-903 30
-200 6584
-7810 6755
-10944 -275
-2337 -3085
1690 1688
-9265 9997
-20286 -1902
-16376 -16595
248 -22053
10045 -9913
7082 876
-1278 833
1142 2952
814 -598
-4259 2599
-9862 -10598
-3360 -17478
7682 -12370
6801 772
-5380 -2156
-1200 -15730
14005 -13649
21259 852
11071 11329
176 8877
-3822 795
-68 861
-2026 -750
-201 -9497
9246 -13455
20196 1253
16006 15096
1430 13293
-2487 3942
5171 439
11178 10657
-1780 15532
-12485 10935
-7015 -1221
-1086 -2051
784 2731
1083 -1020
5310 306
9354 11967
-616 23069
-17032 13940
-21914 -3
-8707 -10412
994 -4407
-3438 1625
-9216 753
-6833 -8751
388 -3200
-1842 2865
-6060 770
-1650 -780
2263 236
-6430 8111
-21130 798
-17656 -18071
1444 -21554
13533 -13156
10407 -1630
2269 1322
-341 -3241
1848 -4500
1030 2327
-6163 -5513
-893 -10159
9452 -9607
6563 -118
-3458 -1940
-404 -18529
16098 -15281
24662 -1086
15651 13760
-738 15225
-2944 3540
472 -1102
-1141 370
-2797 -2624
8488 -8501
13933 -1199
13407 8797
1397 11927
-2242 1685
8355 916
12338 10084
590 20108
-16866 10076
-15177 527
-6797 -1957
32 -798
-508 -3233
4399 -128
6778 7772
2773 16599
-12051 14841
-20953 -604
-7238 -5234
-2570 -1563
-6034 4069
-17141 1056
-10250 -11785
984 -10973
1275 -7213
3241 3047
182 442
-2400 5052
-6788 8912
-16883 -3842
-15404 -17122
1542 -26399
13611 -10974
8300 -52
-61 425
2055 -5408
7261 -8813
9155 463
-789 2527
2272 -451
2083 -3002
-122 -1897
-3523 -4274
-496 -16720
14672 -16585
26136 -915
16847 19042
353 16770
-3258 3752
2366 1579
2665 3788
2048 4678
3701 2016
8194 2809
9112 7587
-177 4856
4162 448
5621 949
13062 12548
-444 22983
-17414 16977
-16264 -52
-8485 -8048
-891 -5136
1205 212
-570 -741
7753 3337
-1050 11719
-11918 12082
-12598 1311
-7765 -7239
-123 2007
-9347 6856
-18607 436
-17444 -15790
692 -19553
8968 -8442
5814 -1171
-480 -485
-667 2405
-5984 7857
-13502 221
-15685 -15564
-45 -23808
10525 -12814
9258 418
-3583 -344
-1441 -12600
12455 -6941
14276 -332
7736 5102
-1816 -508
4173 1978
-2091 -2931
-5186 -5513
2345 -12751
14583 -15354
26262 -687
18562 18591
-392 15256
-2827 3722
4876 746
4216 6782
-671 10969
-2661 3953
688 -1224
1711 2165
704 6753
-640 473
9158 -1928
10820 15670
-1236 24873
-20614 18612
-19061 664
-7915 -9364
-647 -3892
-2737 4742
-8001 1256
-950 -1510
368 4733
-2629 6945
-11122 -2422
-6228 -3506
-1779 4376
-6694 9074
-23043 -124
-17988 -17160
267 -20353
11650 -9613
7087 2316
1096 1807
-3055 2452
-893 4123
-8130 1967
-9881 -8970
-229 -15968
9574 -8622
5538 719
-3352 -6615
-504 -12111
13083 -13458
18487 4141
12713 13511
2805 7411
-3271 3740
305 1006
-4177 -1538
-927 -6044
9110 -9557
21789 -936
15117 13140
-1018 15320
-5219 1530
7716 -3219
10743 8908
-1112 19361
-10357 13986
-6354 -1686
2330 505
-746 1697
2619 -503
6085 -867
11089 13605
-4228 20210
-17440 16039
-21178 269
-8677 -8258
-273 -4317
-4523 4362
-10412 960
-8442 -5866
-953 -3919
-1752 1943
-2716 2417
-5229 -1211
2657 2975
-9951 4978
-22062 -2640
-17681 -17188
1792 -22902
11232 -12637
8014 2341
-639 -318
-813 -5916
4015 -2292
800 -1894
-3116 -2788
-1586 -8998
5722 -10479
2539 -1570
-3653 -8210
2831 -11225
18327 -13916
22463 -595
14981 11103
-374 13105
-2772 4723
-217 -2866
-518 961
240 -2879
6634 -7488
13067 -112
9734 11553
341 13379
-1475 2081
10076 1944
10394 11127
-2501 23435
-13289 15322
-15727 -10
-2989 -4253
-602 -2847
1041 -2523
4295 818
7896 8691
48 14604
-14774 14461
-21472 852
-6436 -11310
-503 1361
-5709 7773
-13387 541
-11506 -11416
-3047 -13456
3807 -3492
-1213 905
-306 -236
1568 1808
-5986 7414
-17661 -2707
-15987 -18335
-2993 -24671
12680 -15320
10468 137
43 -566
64 -10062
7187 -9232
6343 -999
1978 2195
-431 -2682
5316 -4487
3731 2694
-4995 -3109
-723 -14572
16784 -17072
27629 -1406
14346 16086
31 17013
-3683 4212
3554 -291
2504 4119
-604 5321
558 -2543
7468 3076
11758 7843
-305 8478
-2076 2248
11365 -945
13794 10853
410 23759
-17898 18906
-15163 1460
-4077 -10002
189 -1969
-3529 -520
-320 5129
2752 2658
-2433 10691
-10819 11700
-14890 -372
-3896 -10275
-1180 456
-9381 7881
-17946 -1065
-15814 -15718
-109 -18484
7761 -9164
2072 532
-1008 -1911
-2747 1847
-7618 6566
-15131 2535
-13622 -14249
401 -20302
10065 -11060
6394 582
-3017 -3176
-2413 -14238
11539 -13547
15510 -1643
4279 8061
-226 1871
-42 -70
4121 1765
-5028 -4597
-3063 -13480
16330 -14075
26740 -309
16694 18317
2677 16824
-5297 4950
6303 404
9662 7120
285 6428
-4861 2975
193 -325
4028 4127
2585 5390
374 -385
8452 31
12886 11066
226 25430
-18987 20558
-20675 1057
-7439 -6169
-2023 -666
112 -872
-4738 666
487 -731
274 5938
-8939 3747
-6153 1016
-2558 -7831
-873 1729
-13711 9748
-18187 1748
-17152 -14901
464 -22699
10694 -10952
7458 2025
-4267 320
-4225 -1584
-1850 650
-5946 2697
-9273 -8752
-255 -16423
12093 -10286
5265 1710
-4316 -3086
210 -16341
15179 -17851
21209 1209
14655 12265
-650 8004
1637 711
720 2141
-661 675
623 -5109
10330 -11394
19089 1176
12012 14701
-592 15296
-3703 3827
5594 -1645
11230 8476
298 16713
-10509 9054
-8127 2791
-1212 -4969
611 1864
2677 1139
5448 -38
9002 12417
-1878 21234
-17751 17718
-23332 -148
-9741 -6518
1151 -1188
-4559 3338
-9941 -83
-8175 -6124
1912 -5822
1445 1590
-3663 1383
-3388 -2083
1726 2706
-9199 7904
-23184 -2055
-17742 -14441
-409 -26646
15705 -12977
8763 -169
-579 -902
-326 -6538
3487 -3873
226 3691
-2700 -3499
1367 -10150
7021 -10056
4235 -977
-2609 -5140
-3550 -17349
19835 -16908
23116 1125
16875 18579
-650 16496
-2474 3693
403 -1521
442 2975
-236 -1946
9492 -8327
16214 1248
14113 10999
1364 9676
-1711 3153
7481 -2789
16031 11888
3206 22570
-16236 11956
-14700 -587
-3985 -3439
-1617 656
-957 279
4219 3026
7955 7878
-1734 19419
-15536 14922
-18436 -340
-8939 -10424
402 -2095
-7060 7196
-13401 -808
-10808 -10770
-2001 -10771
3375 -4581
-416 -1064
1449 -2686
-1084 643
-7276 6704
-18778 -293
-16281 -18825
2418 -26133
14174 -14144
6890 -1556
1185 -2088
482 -7053
5199 -9063
10402 1053
1269 -153
-3422 -4104
3014 -4234
2458 -2137
-6959 -2046
3402 -15359
13095 -14470
28045 -1488
15037 20395
1237 15226
-3453 3785
3816 -169
1659 3518
-3370 408
-1237 -388
7081 -577
6639 10524
774 9448
-1000 -2420
8859 -77
13972 13606
1 23625
-16668 17447
-15791 -270
-10551 -5333
-1854 -66
-544 -2045
-2318 939
5538 1630
-1271 12974
-15977 10473
-15574 -1645
-7586 -7082
-613 527
-10269 9823
-17252 282
-15861 -15715
91 -19884
5690 -8364
4108 511
4345 3001
246 -1317
-6225 5391
-14923 2376
-13585 -12572
-127 -22804
13541 -12233
6589 214
-2249 273
3222 -12490
11032 -14207
15244 -2133
6152 5980
1874 2055
-1258 -2091
1114 420
-2859 -4431
-307 -11718
12490 -16751
30007 685
15395 16491
2425 15184
-3323 4659
2544 -700
7385 4511
168 14922
-3316 3256
1633 -3839
4441 5851
-3027 1681
-447 -3052
7718 135
12866 12798
140 26965
-19594 15989
-20186 -707
-5030 -11568
-371 -4565
-4712 1579
-3919 -3301
-4340 -4867
2491 3837
-5927 8591
-12163 1423
-7706 -5669
-2455 865
-8338 8147
-18454 2308
-16111 -17607
-954 -21057
11771 -11955
8451 2206
368 -1382
2274 -2898
1396 120
-8378 -2974
-7968 -10393
-61 -17609
11894 -9419
7631 -1686
-3660 -2230
1202 -11958
14104 -13842
22610 128
11089 10987
855 11704
2740 -103
320 -632
-2708 -1095
1336 -7517
11396 -13511
23411 -389
11148 16105
361 14542
-3878 5754
5653 2216
12820 12254
-2616 20512
-8168 9230
-9000 -933
-4849 -881
3123 -681
-1477 -97
8014 -599
10619 11634
-1697 24269
-20566 16080
-20656 3001
-10237 -9977
1393 -3584
-7946 4393
-13322 2476
-7475 -7988
-1945 -3107
-565 1861
-3585 -2598
-2519 -1650
-1541 4694
-8804 11281
-22869 82
-17769 -17174
1197 -24339
11111 -10898
10743 1792
-1800 24
2325 -5531
831 -5513
1403 -749
-1873 -1245
-716 -11023
5761 -5393
4428 144
-5333 -5388
-2298 -14709
18132 -17013
23502 -1492
16043 15175
-215 10444
-1701 4938
1073 1643
2232 2999
1537 -3534
6094 -7364
12233 1234
14280 10808
-1526 11133
-2356 700
9777 328
13348 12365
1702 20434
-11950 14427
-12823 -1038
-4817 -3813
-1403 -888
1342 417
2933 925
7656 11158
1859 19197
-17540 13603
-20304 574
-6263 -8655
411 -3724
-5338 9450
-17420 -1579
-13863 -11596
937 -10429
785 -3313
-944 -1736
-708 -616
-92 698
-7255 8793
-19214 215
-16918 -17583
-1145 -25546
13940 -10925
13659 -1067
198 -1328
-1503 -8709
5044 -8274
7603 -2573
1863 922
2866 -1835
2508 -5412
1007 -231
-4646 -6779
-2074 -13746
16949 -17476
27108 -686
15590 16825
-345 14122
-5372 3972
918 -76
4745 4436
2756 4438
2580 968
7176 -2356
9225 8332
2664 10164
-130 1077
10279 431
11962 11224
-3185 24163
-13988 17249
-21676 -1947
-8373 -8865
2417 -1677
697 360
-1035 -988
3760 4683
-689 11335
-11329 10735
-12703 -244
-4945 -6795
235 2253
-8378 10129
-17286 -587
-11337 -13002
140 -18788
9416 -9252
3635 2591
-1675 1271
846 175
-1909 2170
-11022 -1549
-13381 -12518
-82 -18435
10133 -15264
7431 -454
-3096 -384
-3263 -15502
10239 -11400
14735 2053
9808 4479
-163 2981
724 -199
1720 -507
-2624 -2185
436 -13364
11891 -15385
25038 -984
18555 18021
-991 14781
-1509 999
6707 1295
7107 4541
469 9871
-1531 5000
-1240 -2767
1242 5357
-2111 3853
1339 -1549
9805 -2889
17138 11005
-2313 25028
-17617 18432
-20591 1379
-10094 -10513
-2227 -2461
664 3168
-6517 110
-3195 -2167
2164 3253
-5182 4560
-11510 -466
-5403 -7549
-2002 1479
-7337 8090
-19460 -1860
-18296 -17185
1893 -24924
10780 -11778
5185 -1003
-836 1920
-1137 -2715
-1176 2750
-6805 740
-7285 -8212
665 -14356
6512 -10110
3814 -566
-2935 -4547
2116 -13925
12970 -16086
24726 774
13770 11394
1472 7935
-413 3217
-1123 49
-1092 444
-73 -13202
12660 -13559
23254 -775
13865 13572
-717 16264
-3391 1145
6130 3500
10433 7320
-1681 17442
-9143 7769
-8883 -75
-5262 -2580
-1366 2819
1794 -1811
6544 -311
9074 11027
1904 23607
-20576 17081
-21860 -304
-8147 -10892
2200 -2746
-6528 5237
-11225 721
-4339 -6640
-999 -6437
-681 -91
-5304 991
1277 -3452
-72 4955
-7085 11189
-21029 -302
-17000 -15995
2988 -23735
13169 -12589
10718 -4348
-1846 2635
-359 -3955
2383 -3761
-4874 237
-7002 -4004
1988 -10843
4023 -7063
1916 -391
-1337 -169
1154 -18205
18910 -18755
25763 905
12695 14566
2083 15676
-2637 3118
2796 -2345
1746 2285
1122 -3529
4667 -4454
16769 218
12513 14384
-2456 12881
-5085 3676
9264 596
10557 14086
-1450 20598
-17398 15628
-14874 -953
-4655 -3977
3126 -2650
1420 1531
3844 -494
7218 7923
-969 18131
-15476 17561
-18296 -770
-9821 -6751
-860 -1209
-5261 6759
-15303 -2514
-6462 -6681
-1140 -10062
5749 -1438
-488 -1693
-1182 -298
-1763 1
-5036 7721
-18155 438
-16223 -16419
1050 -26017
14214 -11682
6186 -2238
-907 -595
962 -9054
5740 -7399
8537 1589
-747 2983
-1229 -5321
3365 -2527
846 -424
-4382 -4816
-159 -15325
15858 -14647
25628 -1398
18329 14742
2054 16705
-4126 5981
2796 2342
5055 3844
1235 3291
1900 -4861
8953 1648
6402 7214
-2450 6884
-1199 2283
9888 -8
13891 11124
-960 23355
-16405 14377
-18797 -1285
-6496 -7946
1907 -474
-945 429
-4048 3369
5519 3866
-448 14024
-11113 13514
-15261 -1470
-7186 -4934
113 1183
-6475 7208
-16679 949
-16075 -15744
-236 -20435
8149 -6694
7137 1600
1892 -2889
1271 1212
-5499 4484
-14794 -1011
-15183 -13583
-715 -22926
14590 -13768
7763 -131
-3493 -3595
1174 -9212
12653 -11672
15812 -946
8840 7816
-287 2807
227 -1261
-3158 -3700
-1256 -4458
244 -11892
14945 -16265
27016 558
17869 17335
1444 17996
-4882 4371
5831 549
6619 7924
-631 11144
-3041 7430
676 378
1769 827
-2508 4766
1858 395
10345 2551
12642 12701
-1149 24052
-19698 20089
-19857 -1654
-6284 -10266
-1243 -1979
-2214 4440
-5837 -1880
-6692 -1207
-1301 599
-7328 4675
-11989 -291
-6637 -3425
-29 312
-8730 6370
-21779 -1708
-18079 -17159
-2710 -24284
8269 -10379
6340 1303
-947 739
637 1878
1566 397
-7293 -504
-10564 -10491
-553 -13379
9717 -12111
7089 -2247
-1721 -2007
672 -14871
12889 -15261
23395 -584
11685 14616
-1120 10925
-2414 514
3 -2877
606 -3081
581 -8393
10745 -9875
21483 -980
14040 15553
-776 15454
-4204 1993
4469 -1729
9049 9858
-917 17727
-6971 9161
-9334 -1336
-1539 -2606
892 1578
-562 2079
5355 -847
10197 10017
-612 24215
-18255 13455
-22960 927
-6507 -9437
1079 -3497
-3210 3637
-12522 -3080
-8478 -6481
-1260 -3927
832 1849
-3513 -322
-2851 -935
2329 2067
-6552 9386
-18593 -1432
-19147 -17559
-324 -24308
15126 -9312
8992 960
1011 565
-1737 -3871
4477 -1459
-1253 -277
-1640 -2958
1188 -10075
6201 -4399
1965 -549
-1216 -5675
3699 -17340
17039 -18193
26643 -2124
13911 15039
-830 13289
-3242 2016
892 263
-161 209
-731 -7791
7678 -5141
16831 739
9816 12051
-560 14316
138 5063
8787 -935
8942 13195
-619 21551
-15550 14428
-15435 -3030
-1680 -7194
1526 1138
1316 -318
3540 -67
8270 6267
-43 18415
-16794 15128
-21346 -1063
-6681 -6626
-1698 -3007
-4606 6238
-15887 -3053
-12731 -11678
1659 -12834
1542 -1569
2629 -338
-2891 -3092
1445 2534
-6592 10159
-17804 -1046
-18869 -15943
323 -24748
11625 -13745
6878 913
-1705 -2053
-1190 -7261
5234 -6807
8843 -111
807 3707
1841 -3659
2460 -4398
1443 393
-5730 -2547
-364 -17558
17335 -18568
