0 0
0 0
0 0
0 0
0 70312
0 138427
0 204412
34 268335
101 330260
201 390249
332 448363
493 504661
683 559198
902 612032
1147 663213
1420 712795
1718 760827
2040 807358
2387 852434
2758 896102
3150 938404
3565 979384
4001 1019083
4457 1057541
4933 1094798
5428 1130889
5941 1165853
6473 1199723
7021 1232535
7587 1264321
8169 1295114
8767 1324944
9380 1353842
10007 1381836
10649 1408956
11305 1435228
11974 1460678
12656 1485333
13350 1509217
14057 1532355
14775 1554770
15504 1576484
16245 1597519
16996 1617897
17757 1637637
18528 1656761
19309 1675287
20099 1693234
20898 1710620
21705 1727462
22521 1743778
23345 1759584
24177 1774896
25016 1789730
25863 1804099
26717 1818020
27577 1831505
28444 1844569
29318 1857224
30197 1869484
31083 1881361
31974 1892867
32871 1904012
33773 1914810
34681 1925270
35593 1935403
36510 1945219
37432 1954729
38358 1963941
39289 1972865
40224 1981510
41163 1989885
42105 1997999
43052 2005858
44002 2013472
44956 2020848
45913 2027994
46873 2034916
47836 2041622
48803 2048118
49772 2054411
50744 2060507
51719 2066413
52696 2072134
53676 2077676
54658 2083045
55643 2088247
56629 2093285
57618 2098167
58609 2102895
59602 2107476
60597 2111914
61594 2116213
62592 2120377
63592 2124412
64594 2128320
65597 2132106
66602 2135774
67608 2139327
68615 2142769
69624 2146104
70634 2149334
71645 2152463
72657 2155495
73671 2158431
74685 2161276
75700 2164032
76716 2166702
77734 2169289
78752 2171794
79770 2174221
80790 2176573
81810 2178850
82831 2181057
83853 2183195
84875 2185266
85898 2187272
86921 2189215
87945 2191098
88969 2192922
89994 2194689
91019 2196400
92044 2198058
93070 2199664
94096 2201220
95123 2202728
96149 2204188
97176 2205603
98204 2206973
99231 2208301
100259 2209587
101286 2210833
102314 2212040
103342 2213209
104371 2214342
105399 2215439
106427 2216502
107455 2217532
108484 2218529
109512 2219496
110540 2220432
111568 2221339
112597 2222218
113625 2223069
114653 2223893
115681 2224692
116709 2225466
117737 2226215
118765 2226941
119793 2227645
120820 2228326
121847 2228987
122875 2229626
123902 2230246
124928 2723033
125955 3200418
126981 3662880
128248 4110887
129747 4544890
131471 4965328
133413 5372623
135566 5767188
137923 6149419
140478 6519702
143224 6878412
146155 7225909
149266 7562544
152551 7888657
156003 8204576
159618 8510620
163391 8807098
167316 9094309
171388 9372542
175604 9642079
179957 9903190
184444 10156139
189060 10401182
193802 10638566
198665 10868529
203645 11091305
208738 11307117
213942 11516183
219251 11718714
224663 11914915
230175 12104983
235783 12289110
241483 12467481
247274 12640277
253152 12807672
259114 12969834
265157 13126928
271280 13279111
277478 13426537
283750 13569356
290093 13707710
296505 13841739
302983 13971579
309526 14097360
316131 14219210
322796 14337251
329520 14451603
336299 14562380
343133 14669694
350019 14773654
356956 14874365
363942 14971927
370975 15066440
378053 15157999
385176 15246696
392342 15332620
399549 15415858
406795 15496495
414080 15574611
421402 15650286
428759 15723595
436151 15794612
443576 15863410
451034 15930057
458522 15994621
466041 16057167
473588 16117758
481163 16176455
488764 16233318
496392 16288402
504044 16341765
511720 16393460
519420 16443540
527142 16492053
534885 16539051
542648 16584579
550432 16628684
558234 16671411
566055 16712802
573894 16752899
581750 16791743
589622 16829373
597509 16865826
605412 16901140
613329 16935350
621260 16968491
629204 17000596
637161 17031698
645130 17061827
653111 17091015
661104 17119290
669107 17146681
677120 17173217
685143 17198922
693175 17223825
701217 17247949
709267 17271319
717325 17293958
725391 17315890
733465 17337136
741545 17357718
749632 17377657
757726 17396972
765825 17415684
773931 17433811
782041 17451371
790157 17468382
798278 17484862
806403 17500827
814533 17516292
822666 17531274
830803 17545788
838944 17559848
847088 17573469
855235 17586664
863385 17599446
871538 17611829
879693 17623825
887850 17623825
887850 17623825
887850 17623825
887850 17623825
887850 17623825
887850 17623825
887850 17623825
887850 17623825
887850 17623825
887850 17623825
887850 17623825
887850 17623825
887850 17635446
896009 17646704
904170 17135109
912332 16639506
920496 16159395
928406 15694290
936071 15243724
943497 14807241
950692 14384401
957664 13974779
964419 13577960
970964 13193545
977306 12821146
983451 12460388
989405 12110905
995175 11772347
1000765 11444371
1006182 11126647
1011431 10818855
1016517 10520683
1021446 10231831
1026222 9952008
1030850 9680932
1035335 9418329
1039681 9163934
1043892 8917491
1047973 8678751
1051928 8447474
1055760 8223426
1059474 8006381
1063073 7796120
1066561 7592432
1069942 7395110
1073218 7203957
1076393 7018778
1079470 6839387
1082452 6665604
1085342 6497253
1088143 6334164
1090858 6176173
1093490 6023121
1096040 5874852
1098512 5731218
1100908 5592074
1103231 5457279
1105482 5326697
1107664 5200197
1109779 5077651
1111830 4958935
1113818 4843931
1115744 4732521
1117612 4624593
1119423 4520039
1121179 4418753
1122881 4320633
1124531 4225580
1126130 4133499
1127681 4044295
1129185 3957880
1130644 3874166
1132058 3793068
1133429 3714506
1134758 3638399
1136047 3564671
1137298 3493248
1138510 3424057
1139686 3357029
1140826 3292096
1141932 3229193
1143005 3168256
1144046 3109224
1145055 3052037
1146034 2996637
1146984 2942969
1147905 2890979
1148799 2840614
1149666 2791823
1150507 2744557
1151323 2698768
1152115 2654411
1152884 2611440
1153630 2569813
1154354 2529486
1155057 2490420
1155738 2452575
1156400 2415914
1157043 2380398
1157666 2345992
1158272 2312662
1158860 2280373
1159430 2249094
1159985 2218793
1160523 2189438
1161045 2161002
1161553 2133454
1162046 2106767
1162524 2080914
1162989 2055870
1163441 2031608
1163880 2008104
1164307 1985336
1164721 1963279
1165124 1941911
1165515 1921211
1165896 1901159
1166266 1881733
1166625 1862914
1166975 1844684
1167315 1827023
1167646 1809915
1167967 1793341
1168280 1777285
1168584 1761731
1168880 1746664
1169168 1732067
1169448 1717926
1169721 1704228
1169987 1690958
1170245 1678102
1170497 1665648
1170742 1653584
1170981 1641897
1171213 4479845
1171440 6949893
1171660 9318048
1173267 11005783
1176078 10691745
1180045 12431906
1184833 15870433
1189466 18788747
1194946 18506113
1202103 19898583
1210681 21023654
1219117 22571189
1228228 21897011
1237884 21293183
1248291 21764811
1258364 23643245
1268137 25407776
1278135 27150508
1289046 27016676
1300813 28438963
1313424 30515526
1325965 31033499
1339193 32628859
1353429 32554767
1367911 34128297
1383164 35533196
1398374 35109481
1414345 36189884
1430993 35095744
1447427 36369800
1464380 35593616
1480790 37958063
1497814 40134029
1514451 42887331
1532234 44609795
1551071 43882387
1571243 43307048
1592245 42210339
1612883 41720256
1633229 40761960
1653029 40617325
1672580 39649756
1691654 40549477
1710648 41232895
1729160 41892967
1748102 43438408
1767368 43627948
1786947 42349578
1807271 43254701
1827677 45299731
1847449 48392375
1867653 47523657
1888846 48170014
1911538 46687503
1933795 46292579
1956356 47226635
1978183 50694710
1999805 49250499
2021873 50094342
2045624 48771451
2068657 49706580
2092092 52637884
2114868 54588558
2138090 53794791
2162732 56095274
2188314 56460747
2213496 54887989
2239788 54243274
2266246 53616621
2291923 53943204
2317272 55320260
2342303 55435367
2367480 56009646
2393318 55542394
2419199 56778587
2445348 55668532
2471255 55584853
2497754 54110905
2523697 55051715
2549586 56101796
2574743 56520164
2600347 57002785
2626450 57219441
2652746 57344789
2679263 57613564
2705874 59603544
2732532 57848373
2759309 58846715
2787044 59412009
2813908 58808781
2841246 58828946
2868847 59147878
2896139 58675805
2923428 57104275
2950859 57222354
2978046 56415349
3004452 56263122
3030902 55686146
3056946 55168864
3082902 55700674
3108563 55333015
3133960 55507895
3159603 54949784
3185054 54731044
3210578 55554195
3235816 53979750
3260936 55213001
3286444 54288259
3311172 52949214
3336489 53273019
3361342 52596477
3385529 51859304
3409863 52873532
3433853 55014357
3457472 54175120
3481575 52630977
3506711 54034699
3531424 54647311
3555371 54916346
3579992 53580462
3604900 53756314
3629927 53078912
3654289 54839517
3678724 56649875
3702817 57898522
3727758 58661129
3753570 57682675
3779980 58771531
3806748 60444823
3833026 58809879
3859822 58646202
3887421 57055726
3914209 57695605
3940904 56272724
3966808 55280365
3993013 55150058
4018509 53454788
4043509 53427440
4068432 52014115
4092515 51303393
4116573 51190259
4139929 49988336
4162927 50508582
4185857 51015768
4208190 50126905
4230765 52218560
4253577 54262015
4275944 54247314
4299320 54960022
4323683 54315466
4348027 54904056
4372707 53421341
4397059 53883130
4421687 52746305
4445579 54013280
4469685 53899539
4493223 55008937
4517368 53978205
4541446 54666300
4566053 54514238
4590145 53883466
4614561 54770480
4638891 54576853
4662901 53627099
4687332 56421996
4711656 58591830
4735505 57426206
4760706 59197401
4786954 59329305
4812620 59099949
4839138 59350959
4865708 57754341
4892152 56309374
4918706 55098306
4944467 55396015
4969510 54217917
4993949 54307375
5018521 55732832
5042506 57977151
5066522 57477677
5091223 58174410
5117007 59568863
5142535 57749498
5168390 58192307
5194913 57573469
5220535 58904445
5246360 59660128
5271870 57932887
5298018 56567778
5324521 56181128
5350168 56993515
5375136 56206970
5399902 57449247
5425053 57474674
5449807 57362150
5475156 58296052
