1500 0 1
1500 0 1
1500 0 1
1500 0 1
1500 0 1
1500 0 1
1500 0 1
1500 0 1
1500 0 1
1500 0 1
1500 0 1
1500 0 1
1500 0 1
1500 0 1
1500 0 1
1500 0 1
1500 0 1
1500 0 1
1500 0 1
1500 0 1
1500 0 1
1500 0 1
1500 0 1
1500 0 1
1500 0 1
1500 0 1
1500 0 1
1500 0 1
1500 0 1
1500 0 1
1500 0 1
1500 0 1
1500 0 1
1500 0 1
1500 0 1
1500 0 1
1500 0 1
1500 0 1
1500 0 1
1500 0 1
1500 0 1
1500 0 1
1500 0 1
1500 0 1
1500 0 1
1500 0 1
1500 0 1
1500 0 1
1500 0 1
1500 0 1
1500 0 1
1500 0 1
1500 0 1
1500 0 1
1500 0 1
1500 0 1
1500 0 1
1500 0 1
1500 0 1
1500 0 1
1500 0 1
1500 0 1
1500 0 1
1500 0 1
1500 0 1
1500 0 1
1500 0 1
1500 0 1
1500 0 1
1500 0 1
1500 0 1
1500 0 1
1500 0 1
1500 0 1
1500 0 1
1500 0 1
1500 0 1
1500 0 1
1500 0 1
1500 0 1
1500 0 1
1500 0 1
1500 0 1
1500 0 1
1500 0 1
1500 0 1
1500 0 1
1500 0 1
1500 0 1
1500 0 1
1500 0 1
1500 0 1
1500 0 1
1500 0 1
1500 0 1
1500 0 1
1500 0 1
1500 0 1
1500 0 1
1500 0 1
1500 0 1
1500 0 1
1500 0 1
1500 0 1
1500 0 1
1500 0 1
1500 0 1
1500 0 1
1500 0 1
1500 0 1
1500 0 1
1500 0 1
1500 0 1
1500 0 1
1500 0 1
1500 0 1
1500 0 1
1500 0 1
1500 0 1
1500 0 1
1500 0 1
1500 0 1
1500 0 1
1500 0 1
1500 0 1
1500 0 1
1500 0 1
1500 0 1
1500 0 1
1500 0 1
1500 0 1
1500 0 1
1500 0 1
1500 0 1
1500 0 1
1500 0 1
1500 0 1
1500 0 1
1500 0 1
1500 0 1
1500 0 1
1500 0 1
1500 0 1
1500 0 1
1500 0 1
1500 0 1
1500 0 1
1500 0 1
1500 0 1
1500 0 1
3000 3000 1
3000 3000 1
3000 3000 1
3000 3000 1
3000 3000 1
3000 3000 1
3000 3000 1
3000 3000 1
3000 3000 1
3000 3000 1
3000 3000 1
3000 3000 1
3000 3000 1
3000 3000 1
3000 3000 1
3000 3000 1
3000 3000 1
3000 3000 1
3000 3000 1
3000 3000 1
3000 3000 1
3000 3000 1
3000 3000 1
3000 3000 1
3000 3000 1
3000 3000 1
3000 3000 1
3000 3000 1
3000 3000 1
3000 3000 1
3000 3000 1
3000 3000 1
3000 3000 1
3000 3000 1
3000 3000 1
3000 3000 1
3000 3000 1
3000 3000 1
3000 3000 1
3000 3000 1
3000 3000 1
3000 3000 1
3000 3000 1
3000 3000 1
3000 3000 1
3000 3000 1
3000 3000 1
3000 3000 1
3000 3000 1
3000 3000 1
3000 3000 1
3000 3000 1
3000 3000 1
3000 3000 1
3000 3000 1
3000 3000 1
3000 3000 1
3000 3000 1
3000 3000 1
3000 3000 1
3000 3000 1
3000 3000 1
3000 3000 1
3000 3000 1
3000 3000 1
3000 3000 1
3000 3000 1
3000 3000 1
3000 3000 1
3000 3000 1
3000 3000 1
3000 3000 1
3000 3000 1
3000 3000 1
3000 3000 1
3000 3000 1
3000 3000 1
3000 3000 1
3000 3000 1
3000 3000 1
3000 3000 1
3000 3000 1
3000 3000 1
3000 3000 1
3000 3000 1
3000 3000 1
3000 3000 1
3000 3000 1
3000 3000 1
3000 3000 1
3000 3000 1
3000 3000 1
3000 3000 1
3000 3000 1
3000 3000 1
3000 3000 1
3000 3000 1
3000 3000 1
3000 3000 1
3000 3000 1
3000 3000 1
3000 3000 1
3000 3000 1
3000 3000 1
3000 3000 1
3000 3000 1
3000 3000 1
3000 3000 1
3000 3000 1
3000 3000 1
3000 3000 1
3000 3000 1
3000 3000 1
3000 3000 1
3000 3000 1
3000 3000 1
3000 3000 1
3000 3000 1
3000 3000 1
3000 3000 1
3000 3000 0
3000 3000 0
3000 3000 0
3000 3000 0
3000 3000 0
3000 3000 0
3000 3000 0
3000 3000 0
3000 3000 0
3000 3000 0
3000 3000 0
3000 3000 0
800 -800 1
800 -800 1
800 -800 1
800 -800 1
800 -800 1
800 -800 1
800 -800 1
800 -800 1
800 -800 1
800 -800 1
800 -800 1
800 -800 1
800 -800 1
800 -800 1
800 -800 1
800 -800 1
800 -800 1
800 -800 1
800 -800 1
800 -800 1
800 -800 1
800 -800 1
800 -800 1
800 -800 1
800 -800 1
800 -800 1
800 -800 1
800 -800 1
800 -800 1
800 -800 1
800 -800 1
800 -800 1
800 -800 1
800 -800 1
800 -800 1
800 -800 1
800 -800 1
800 -800 1
800 -800 1
800 -800 1
800 -800 1
800 -800 1
800 -800 1
800 -800 1
800 -800 1
800 -800 1
800 -800 1
800 -800 1
800 -800 1
800 -800 1
800 -800 1
800 -800 1
800 -800 1
800 -800 1
800 -800 1
800 -800 1
800 -800 1
800 -800 1
800 -800 1
800 -800 1
800 -800 1
800 -800 1
800 -800 1
800 -800 1
800 -800 1
800 -800 1
800 -800 1
800 -800 1
800 -800 1
800 -800 1
800 -800 1
800 -800 1
800 -800 1
800 -800 1
800 -800 1
800 -800 1
800 -800 1
800 -800 1
800 -800 1
800 -800 1
800 -800 1
800 -800 1
800 -800 1
800 -800 1
800 -800 1
800 -800 1
800 -800 1
800 -800 1
800 -800 1
800 -800 1
800 -800 1
800 -800 1
800 -800 1
800 -800 1
800 -800 1
800 -800 1
800 -800 1
800 -800 1
800 -800 1
800 -800 1
800 -800 1
800 -800 1
800 -800 1
800 -800 1
800 -800 1
800 -800 1
800 -800 1
800 -800 1
800 -800 1
800 -800 1
800 -800 1
800 -800 1
800 -800 1
800 -800 1
800 -800 1
800 -800 1
800 -800 1
800 -800 1
800 -800 1
800 -800 1
-5791 7676 1
2253 -8857 1
-8744 -2505 1
-7095 3604 1
975 93 1
-4567 -6747 1
8386 7221 1
-8455 6146 1
3001 -862 1
2815 7426 1
-7476 123 1
-6670 -5105 1
846 -536 1
1071 -1197 1
-4870 3560 1
7958 -4307 1
-5603 6980 1
8964 910 1
-3205 3550 1
-3202 -7892 1
-5226 -8221 1
3678 -5794 1
8499 3140 1
-4869 2561 1
-5471 -7279 1
-8859 -782 1
-4602 897 1
-6582 -5135 1
-957 520 1
-928 8661 1
-3383 310 1
6535 -8280 1
-7065 7595 1
8280 -7726 1
5677 -8111 1
-3106 -3420 1
-5042 246 1
-1626 -2362 1
4449 -2597 1
2858 1702 1
-6008 -218 1
-3012 770 1
1502 -8136 1
7699 1776 1
-5365 -5795 1
7016 6491 1
4440 5459 1
581 1547 1
199 -8443 1
-8436 6127 1
-8250 8730 1
-173 -4536 1
-581 -8239 1
-861 -10 1
-5829 -290 1
225 -8726 1
-8823 -8965 1
902 -1918 1
133 8732 1
-668 -2707 1
-2167 -8603 1
-8080 8845 1
-8648 -6347 1
-1127 -5285 1
-8576 7340 1
4696 -6764 1
2470 -213 1
-3374 -4784 1
5397 2253 1
7968 769 1
-4961 8568 1
-224 7679 1
-8592 -58 1
-4892 -4140 1
-4590 8605 1
-3541 -2955 1
-6425 -3424 1
2776 -852 1
-6937 6009 1
5554 -7604 1
-362 -8329 1
-5011 -6846 1
4138 -6843 1
-6156 4832 1
5287 6165 1
6563 -8845 1
973 -1583 1
-4058 -8564 1
-8772 -50 1
2333 5889 1
-7710 -156 1
-7549 3473 1
-5478 -3748 1
-426 -2867 1
-7315 2718 1
2081 -5204 1
-6319 -3410 1
1133 6044 1
3864 -4921 1
-4185 -7395 1
-1891 6354 1
7794 443 1
5778 2068 1
2909 -6285 1
4170 -7981 1
1781 1419 1
-3575 8982 1
-145 -5061 1
-3383 86 1
-7009 -3768 1
-5584 675 1
5090 1764 1
7779 4880 1
-6552 -8858 1
480 -5286 1
363 -2155 1
8636 4794 1
8008 3086 1
-4692 -6423 1
-1212 -3273 1
7313 2396 1
-1096 -5558 1
-8419 6209 1
-8113 -6853 1
6269 -7571 1
3518 8363 1
-5146 940 1
-4789 8343 1
-6383 8461 1
2853 42 1
-7275 813 1
-2666 811 1
-7037 -5294 1
3279 -1194 1
3610 3391 1
-2926 6524 1
-936 -197 1
-1520 7091 1
1062 -2662 1
5059 -1921 1
3873 5718 1
2518 -2530 1
-2439 -7791 1
4482 6831 1
4214 -2197 1
6441 8694 1
-7351 7974 1
6525 -3351 1
-3525 -8040 1
1751 -5593 1
5211 6783 1
2730 -133 1
842 -8216 1
3912 -1488 1
7881 -5585 1
-3900 5931 1
6243 7102 1
-4678 394 1
-7303 4762 1
-5072 4908 1
4899 -3216 1
2644 -8677 1
6142 3296 1
-3043 -3865 1
-8036 8860 1
-7565 -8285 1
4333 1591 1
-7937 7150 1
-7028 3747 1
5325 -4863 1
-7048 4180 1
1008 -2694 1
-2772 1961 1
-1546 -3896 1
5683 5687 1
-1800 3804 1
4146 6317 1
-7946 6066 1
7674 8287 1
-5318 -3705 1
8125 3711 1
6335 7917 1
507 1052 1
2637 -8061 1
6181 446 1
5831 -8135 1
-5141 7528 1
-942 -1875 1
2844 2485 1
-6213 -2368 1
-4036 -8118 1
-4827 2922 1
-8312 -5185 1
6538 -3941 1
-2489 -6906 1
6899 -6298 1
4876 4444 1
4096 838 1
-3540 3478 1
4385 6081 1
