-7767
11905
8063
6849
8520
-2619
10298
-5938
-746
-2839
3859
-3019
-9658
-3762
2230
16961
-17621
3566
5340
16978
2166
-18543
-11271
14079
9304
6449
-10092
14087
6202
16001
-14378
-14142
4008
-15909
-18885
18769
-904
15040
-6351
16504
981
4975
-17741
-16027
9552
-2225
-7252
1900
-11881
17108
2453
18051
2200
2161
6334
9948
-936
-2058
9468
-1735
-10798
3976
-18588
2176
11868
-15350
-16964
19664
-4761
11082
2104
-2571
-15570
13834
-6609
13865
18315
-13898
19367
-1176
-13289
5699
19039
-3686
2897
3011
-15480
18295
-10778
6867
17091
-8063
-15477
-6868
-10134
19556
-3885
-8227
6990
12150
-1194
11455
-6768
4347
2705
11823
9061
12235
2160
-12556
5879
-5869
16590
-3453
9367
15496
9743
3733
6042
19864
12296
19946
-6865
10988
3851
-16508
-5153
-16993
3194
-13197
-13356
-8953
14392
-4565
7491
-10017
-3285
11160
-6134
-1545
-9267
11042
-11036
12693
10422
7627
1601
18207
-18354
3549
-19165
9438
10325
-404
7468
8191
-10652
-56
-12900
-2661
-14008
7643
7730
18694
17626
13899
-16100
-12375
-14681
-12432
12835
4597
-9221
19739
-5660
-5879
-63
-4027
12217
3537
7385
6469
-15566
4945
-7327
6601
4727
-19762
3787
-3403
-1842
-9261
17958
899
14205
-13839
-4098
6187
-18582
-11808
19255
17985
7929
10256
-19104
4630
10478
-7299
16460
-260
9697
3510
-12175
-3863
-8730
1756
-17829
16830
-12345
18819
7826
14038
-4919
17244
9321
15899
1603
-8258
9717
-6331
12366
-5597
-19288
18075
7894
16739
-5944
3231
-18370
-5432
-17513
-14890
2288
10020
-9016
-12718
13327
18166
-400
-14337
-5855
-18210
-4248
-2487
-9437
273
-9154
-6994
-16432
14781
4367
-9755
4341
-568
-2459
-6685
862
14704
1749
-9481
9523
-19738
-9189
-6813
9712
-16535
11368
-11864
14367
-10547
13167
-19319
-18602
4299
-15689
17570
14485
-10322
3330
-18247
11012
14587
4906
8784
11894
-3635
1882
11219
8470
15207
15174
5263
6525
-6786
-9558
-2184
-8992
-1895
-2706
12539
7795
-9436
11366
18408
17211
-5511
17094
15992
1147
14302
-5930
-16867
15403
-16310
19488
-19004
-17763
-19285
-19644
-16708
-7798
19003
-11492
-881
-12041
-10072
16471
-5090
-2093
13092
-16161
3303
7303
12776
9467
-19479
-13717
2539
13459
-16556
4826
-3898
7459
-2145
19877
12989
5964
10503
15420
16769
-18809
-9245
9546
18882
-849
11902
6068
13689
1954
-12729
17492
1384
-15540
-14624
-17014
17688
7854
-17886
-5490
-14778
-5626
15721
-16284
877
17397
-1555
18538
-8882
17897
-9986
18096
5951
-56
-6726
-13685
-16600
2218
52
3303
16839
-6016
-16998
-14549
-12876
-13114
5544
19231
-11766
-10409
1500
15271
919
-4122
-13476
16392
14201
-9373
-19207
16596
6502
-18376
-2567
-9197
-5396
-4193
6821
9777
17325
-11613
14412
13633
-4041
8230
-16977
11539
15366
18538
1493
4451
-18667
13975
-13904
3827
-14831
-5873
-18530
-12959
-2151
16389
-8093
18734
-13394
9806
-14417
-3546
9691
-8526
12609
-10604
4963
3752
11222
15098
-19339
9578
18224
3259
-9812
-9319
-13690
-4502
11187
-7399
-8883
-839
9916
12377
3460
-15871
-16122
-8885
-16433
-3183
5742
17104
18699
-16073
14666
-13260
296
3538
-5481
16683
-7062
3307
-7805
2201
-1644
14860
-90
97
-8370
-14150
-8962
15995
3691
-6333
18145
-18648
11299
4965
13138
-18361
11775
17203
-2181
7308
10397
3594
19053
-10583
-11277
8671
-9388
6816
-4076
-19205
2813
3117
-8437
-11528
-11528
-4390
-7526
-8392
-11552
7275
-16220
-5253
16270
13043
-8715
17168
8208
-19929
5223
16770
10542
-18521
-19526
-19573
6963
5079
16642
-572
9590
-19020
6912
16942
10608
14351
-19174
-8103
-10253
5297
-3970
-18628
7882
-15756
12827
7073
3209
4400
9822
8512
-4243
9670
-5364
-8900
-11256
-13461
3433
14151
-18425
4049
-5110
14637
12819
-6593
-14006
9185
-9728
-8916
-17234
10522
-14942
8312
-6968
-19708
11128
-3184
-19390
-4551
9545
10005
-1750
-2424
-5672
-16516
10501
-7815
3821
16935
4366
-10251
-9747
-2568
19243
11225
-16458
8797
10003
-13950
19367
4885
-13061
-630
3049
-12069
19146
7006
-2643
10433
-14790
2564
-15844
-19171
7329
-17994
-13094
