-84805
-2230
3762
9658
3019
-3859
2839
746
5938
-10298
2619
-8520
-6849
-8063
-11905
7767
0
0
0
0
0
0
0
0
0
0
0
0
0
0
0
0
0
0
0
0
0
0
0
0
0
0
0
0
0
0
0
0
0
0
0
0
0
0
0
0
0
0
0
0
0
0
0
0
70710
14378
-16001
-6202
-14087
10092
-6449
-9304
-14079
11271
18543
-2166
-16978
-5340
-3566
17621
-16961
-2230
3762
9658
3019
-7718
5678
1492
11876
-20596
5238
-17040
-13698
-16126
-23810
15534
0
0
0
0
0
0
0
0
0
0
0
0
0
0
0
0
0
0
0
0
0
0
0
0
0
0
0
0
0
0
0
0
-9500
7252
2225
-9552
16027
17741
-4975
-981
-16504
6351
-15040
904
-18769
18885
15909
-4008
14142
14378
-16001
-6202
-14087
20184
-12898
-18608
-28158
22542
37086
-4332
-33956
-10680
-7132
35242
-33922
-4460
7524
19316
6038
-7718
5678
1492
11876
-20596
5238
-17040
-13698
-16126
-23810
15534
0
0
0
0
0
0
0
0
0
0
0
0
0
0
0
0
-10880
18588
-3976
10798
1735
-9468
2058
936
-9948
-6334
-2161
-2200
-18051
-2453
-17108
11881
-1900
7252
2225
-9552
16027
35482
-9950
-1962
-33008
12702
-30080
1808
-37538
37770
31818
-8016
28284
28756
-32002
-12404
-28174
20184
-12898
-18608
-28158
22542
37086
-4332
-33956
-10680
-7132
35242
-33922
-6690
11286
28974
9057
-11577
8517
2238
11876
-20596
5238
-17040
-13698
-16126
-23810
15534
-28042
-23827
21422
1001
-7827
-1109
-8156
17062
14447
-22700
-5844
-12279
-33362
8901
3445
-4101
-2176
18588
-3976
10798
1735
-18936
4116
1872
-19896
-12668
-4322
-4400
-36102
-4906
-34216
23762
-3800
14504
4450
-19104
32054
35482
-9950
-1962
-33008
12702
-30080
1808
-37538
37770
31818
-8016
28284
43134
-48003
-18606
-42261
30276
-19347
-27912
-28158
22542
37086
-4332
-33956
-10680
-7132
35242
-69496
38890
-25134
3073
-20111
3093
-19765
-7830
-46453
38022
34075
-7229
-30270
-24379
-9265
30910
-15785
-21597
17660
-8657
-10846
9359
-24829
31886
5142
-4208
-22164
9522
-39328
33928
30700
-23736
-4352
37176
-7952
21596
3470
-18936
4116
1872
-19896
-12668
-4322
-4400
-36102
-4906
-34216
23762
-3800
21756
6675
-28656
48081
53223
-14925
-2943
-33008
12702
-30080
1808
-37538
37770
31818
-8016
25545
8625
17006
-21264
19819
26421
-21773
-4667
-37355
19470
-41535
3002
-49688
11895
24136
-123
-5414
24512
-9133
9275
-6024
-24090
-20183
12252
-36590
30960
-6022
-5794
7372
-38078
-11398
26578
19313
-36504
24034
-46288
-30749
17077
-30507
29648
-6734
16388
-27402
26562
-25630
50054
54510
-47037
-4352
55764
-11928
32394
5205
-28404
6174
2808
-19896
-12668
-4322
-4400
-36102
-4906
-34216
23762
80613
42329
8556
17745
-7518
-12071
-15830
-10424
-39760
-18710
-8055
-14143
-51598
-11820
-13655
-4709
3969
1373
14781
-11712
3792
-381
-28621
-6391
-8694
13536
-22910
2388
-24300
-13980
16454
7770
-53254
5890
29737
37156
30213
-44274
-7285
40164
-8432
8418
-43108
-1462
41328
-27398
-4266
-26285
53235
-51411
30408
-83919
-50652
31404
-50019
43726
-18610
36984
-32640
43602
-11932
66180
78320
-54804
6731
-16548
-2056
-75653
-41280
38647
-53023
30695
-14531
39791
-30694
37730
3870
70635
88072
-53897
14817
23741
12532
6947
-9253
4262
-37834
-23656
-39728
-12084
-7466
-19486
-30992
-18734
6906
-33180
13638
-19010
22887
5232
-40497
-35863
-18671
-3448
24314
834
7170
580
13238
-51750
-15364
19794
-81538
-12732
68607
65037
66450
-81549
-1254
69550
19726
-14124
-80194
2870
75284
-16718
2866
-43906
-82375
-38722
93797
72616
78370
-92110
18915
57751
24367
-6230
-102286
23390
74055
6060
4504
-85238
73288
2819
-15954
-57338
-27415
38172
-50349
18410
-9656
36508
-3965
13816
45302
58964
74014
-37456
36162
-8282
36992
-18500
-23711
23198
-41950
-26464
-19832
584
-3144
-15086
5110
-13828
41122
-68823
17438
-39393
30993
22176
-84786
-80406
-20544
-4191
57322
-11868
37250
-1228
50776
-89520
-47182
23802
48733
-42358
-5752
52661
-109202
-119662
13661
14176
86201
-2119
38391
-19758
50851
-109145
-78961
37933
-87605
-48856
86929
57139
70307
-82487
26186
36648
51519
-18025
-99813
47538
31498
18158
-990
-91328
41282
50359
-51030
-1783
4879
17236
-17003
-26808
-2922
20120
23437
-12746
70932
8910
19504
13682
40514
-40305
61452
-43947
-38169
48999
-66012
-40632
64
13252
1178
-10686
41212
-8922
75338
-80704
88995
-80792
56299
-65479
-10889
56343
-56783
-21945
5067
35152
-3130
-15871
55726
-9319
93020
-75932
21248
-36479
-18308
54821
-96967
-123436
37916
31562
107270
445
47402
-39772
37688
-91000
-78922
44048
-31690
-41846
57248
30635
31903
-28121
27022
-14294
59951
-26443
-56705
49000
-9830
45556
3276
-95953
5008
95669
-78582
73088
43211
2434
5183
-53171
9750
-6566
53458
-47828
96562
-41144
-46911
48851
-10556
106199
-92442
138871
68197
-36424
34543
-89043
30863
-6476
63591
-65531
109518
-109858
-100167
61489
37134
-85945
39791
-61628
99
44751
-43438
-2322
39850
62802
-2133
-3770
65130
-14622
76486
-47398
13489
-11809
-60934
58810
-61067
-69832
51612
37715
82956
-389
40232
-40352
24450
-39250
-63558
24377
35706
-20458
-4435
-8273
-34675
18777
28262
-64783
54304
-23590
4946
48296
-51158
72954
3976
-56379
11468
-5573
-64267
-70109
-103690
103048
5415
-75319
42685
-7798
48906
59036
-109288
67877
10430
-40464
-62157
90703
-73876
148920
69671
-54346
30557
-110837
28575
16790
50893
-49689
78938
-120455
-98913
34857
10233
-75821
6202
-46915
43572
12085
570
36438
59682
62218
1011
11316
60020
-794
35364
26134
-2049
20113
-99110
43695
6887
-29063
77740
55844
42138
5128
18022
-40028
11212
12500
-32285
8468
13542
66337
-103264
25634
67296
47223
55954
60213
19074
-1304
5728
-49131
-24687
82272
-16950
-26762
125623
10283
-96325
-93165
-109586
132953
-18268
-56469
45726
-26127
78410
30171
-89676
40742
12618
-33213
-28296
38786
-42524
131175
42460
-53396
25209
-89552
13683
27564
19599
5657
35402
-105176
-82702
12936
-28105
-47109
-35339
-10606
90515
-25308
37977
70229
69566
55300
1994
24202
54910
13034
-22866
78367
-52991
5944
-77223
26727
116144
-56860
104981
78406
51368
35347
14123
38561
6233
24971
-49672
136169
-23734
75181
-79075
-2691
87920
69905
20472
63839
-16583
-39519
24817
-21788
-9960
81409
-16979
-46206
83501
-464
-103607
-106818
-103960
113707
-32810
-3938
28012
-33497
79486
-7999
-11934
11206
20040
7010
16403
-30268
9100
57484
-18519
-52657
-3802
-85729
-16452
67128
-30634
65764
-1285
-73771
-27331
-42775
182197
-100566
61805
-47507
-76709
-26454
-9670
-23574
-38573
96964
-58084
119391
-63464
18591
33780
-67273
-82505
41278
-88578
52110
98117
-55746
127977
72415
33144
-15446
37618
57947
-30260
25533
-35356
137029
-24191
76352
-30272
-17349
68140
77453
-28038
14386
-50027
-58183
29705
14044
40666
64004
-1148
-76452
24925
-15455
-65151
-77113
-54034
86622
-51284
74705
34240
-59200
21922
-49066
82786
-7650
28895
4436
-27220
-87769
-7056
-25342
43318
26266
-10748
123584
59872
-95585
-42859
-75918
179520
-47161
42375
-3399
178835
-122132
82945
-132215
-89375
2658
-7351
11472
-76864
84249
-52275
133390
-102936
78710
90585
-58889
-84307
52184
-76389
60081
65815
-32562
101287
25842
3306
-58662
43090
57631
-18076
33686
-19396
91779
-22311
64392
39193
-17223
-8164
41625
-84673
864
-38306
-89132
68258
51070
110061
8829
-8908
-66781
29047
-18468
95076
-32447
-82224
-13687
-118250
-39178
-6228
-122643
110623
62562
134025
-70475
1608
-50996
-149605
-115554
68721
32044
112461
-24936
37881
131278
97873
-145745
-78818
-113098
222510
-38097
51999
-23414
205204
-95203
83120
-182221
-88060
34643
3460
75061
-86384
42401
-33390
86888
-73380
116868
91522
8232
-66667
49655
-23232
38754
8067
15413
84818
-14876
-16552
-88918
51312
47572
12159
46745
34233
6303
-89931
-23506
-3573
-15110
-82325
50800
-2795
-74601
-12055
-105361
46420
46977
25256
49500
75730
-82419
9930
-70352
116744
-14055
-125801
-94288
-108292
-60110
31378
-122090
107802
77670
109616
-125384
-19616
-22981
-130418
-155733
111285
86441
165783
-74654
78798
66445
96588
-136146
-112185
-94946
185744
-2866
38358
9454
147083
-44561
44701
-148089
-43849
40971
57141
92952
-75786
-41818
33782
8954
-37858
96909
51146
75513
97654
99615
-3369
-60945
30670
48628
136346
80697
-26298
-92499
122907
-105060
16219
36203
-17263
170166
979
-78401
38884
-59454
-116728
72471
-61660
-101471
43693
-73542
9034
16565
64260
53469
118375
-114073
15531
-122461
93754
-12792
-144181
-121911
-42303
-87631
61438
-71509
82382
59464
80012
-130648
4578
25105
-56910
-150012
92222
112582
130249
-41312
133421
-43194
98513
-108738
-65896
-62772
111336
54423
21356
7644
88901
-94515
69928
49151
64537
-1650
170125
-177930
53107
-87797
6056
-21320
-48815
106879
3386
12549
-84566
178161
-57818
62573
103609
17691
190906
57441
23845
-118723
162225
-196720
89966
-84080
-101959
203788
836
-133756
29273
-110427
-131345
60775
-105594
-88953
80083
-9422
-27179
3249
108218
42978
76088
-138015
8656
-141275
12849
-17423
-83177
-86659
21188
-95279
67402
272
17268
25440
25020
-65277
36493
52771
-70891
-108054
-55574
-26574
33648
-12305
142490
-43918
307
34518
-41704
-6315
-109704
781
75868
50399
234487
-12742
-12999
-22675
-33979
104821
159045
-254105
-5711
-37286
74213
49249
-208956
120365
4756
14335
-193828
228584
-93277
171929
140545
-14629
166756
-1032
61568
-101667
149280
-168046
115602
-174836
-139402
147270
735
-136658
-18476
-128878
-77522
-10266
-121870
-60001
141276
63054
-67306
-21852
131570
43862
-3294
-69926
-33101
-78835
-81801
-67483
-5485
-71923
-46037
18956
141716
117317
-72050
-2126
85828
1304
-95484
26940
-49571
-36312
-116332
-34238
161098
98733
185980
-4355
-80836
70437
-100828
-35587
-173500
98718
82822
13147
310319
53565
-53081
-131100
-105126
139674
67818
-226940
-54259
27241
116851
55295
-246588
111316
-13554
12801
-221798
206082
-85504
217040
92381
-23874
128776
-246
65009
-10780
61649
-100192
113504
-217223
-125818
42686
-228305
63428
-37227
115001
57472
-16580
29417
-18332
41158
67878
-26177
18447
87750
-203239
-53238
-118877
-75348
3477
-128407
7580
50405
-128749
53784
70427
110063
151943
-42156
1718
7834
-20999
-148840
113645
-92638
29806
-137151
-30985
228442
162169
164191
38648
-122077
81778
-104263
-8149
-127960
163036
62218
-13644
247112
99159
-52744
-211444
-137103
131723
457
-132209
-74818
59839
87783
74220
-207707
64372
-13484
-9877
19118
77122
26547
-192335
-84256
16238
-112938
86727
-83956
31776
-12462
45981
-63955
18136
4347
-27092
-17743
-88362
32676
-35607
-28874
13041
-54113
-9972
-44379
116877
-140640
159951
-5213
-75393
43588
-220736
-92760
95538
-158577
102536
99552
-117886
147452
121365
44879
127919
5608
24708
-45024
-36248
-158218
127106
-97256
69241
-93961
-12110
190508
179064
111214
65025
-141871
34121
-45330
9248
-31719
165189
-6181
-60630
-63771
61924
10359
33243
89032
103388
-13759
41830
-121760
-16152
63659
85050
90317
56593
-54645
-71669
-166062
31866
112093
-111887
62961
-116540
-141151
263647
-27081
-23111
-126752
15092
161820
-33733
48115
-27142
115005
-209200
91685
-221958
-51771
36427
-135369
-9467
-125683
135636
-212663
234119
-93307
76725
128163
-268025
-59146
154889
-129127
169615
98173
-52548
204138
97797
-43436
45038
79209
43828
-71184
-47805
-85422
96366
-7360
139649
9833
176109
33391
69635
218371
9710
-115230
-23802
137440
32441
-95119
-43807
37146
-38930
-44939
22097
124446
63131
-68398
-5148
-109486
-1494
-37065
-47398
154326
130814
211485
-102823
-74862
-46595
-379833
-75269
214254
18860
187914
-221219
-130649
374975
72671
-77590
-213160
-59280
337334
-59024
50106
-14840
183365
-242334
115382
-338295
-43616
79104
-143556
-939
-192386
31568
-183306
235293
-152587
214177
138904
-186232
266874
-164853
53202
-321952
10277
72010
-87938
27921
-198035
-99519
-62108
90004
-125674
232620
74970
826
59646
69538
126715
106297
-89548
176214
134393
-73728
-104150
-108178
126656
-17690
-59891
-34092
165065
-173420
24153
-71525
202702
97654
-186839
-141531
-180288
-81300
93855
-74248
227538
150232
280087
-191895
-97493
20261
-423204
-164754
240912
163556
264843
-313713
-78654
349588
162709
-112802
-227273
-106119
383996
-33967
51668
3113
-216699
-150394
161457
218806
233444
-247590
34234
131883
174413
-107368
-145516
-86806
289658
27217
-3268
62090
51239
-10527
-29920
-156713
135654
63786
14278
6733
-154455
-224979
67354
-74385
-35421
128959
-60735
172015
130924
-64406
247753
408
-181660
222410
-23726
-135025
-34913
-153484
80566
-69876
44021
14695
225558
-258477
79019
-140921
186684
95428
-264080
-221322
-152098
-124760
183612
-13162
203037
128622
245648
-204441
-54637
83955
141694
-163985
116730
51066
-164570
-177333
-38350
-135037
205945
88022
108508
56054
76564
-87567
24830
144232
20087
-77631
18021
186524
90516
-126408
119372
-128959
119536
-27328
50608
-56080
14542
113444
-56889
100112
-124616
173621
-134731
69450
217015
-2651
118981
-7712
-44357
-284672
195335
-206622
83246
-19941
-195505
331809
139305
-181691
280590
-115579
-194676
187286
-130460
-144978
113139
-105508
-35805
-111497
107112
49696
184265
-258900
26202
-262875
202870
-153785
-181558
51964
-238903
-87151
238046
-16551
-131703
-154796
131922
92776
33231
-130712
96647
-117305
-30372
-16526
62614
-33610
121277
-115905
139760
194837
-72896
-77436
-137607
76901
126918
151577
380472
66424
-175621
46547
-96284
107284
156488
-395957
31169
65123
225533
2283
-281796
136837
-106111
94773
-253279
276057
-203336
296661
211896
-62520
141210
-44926
73719
-186809
220481
-258612
139740
-184280
-284867
342751
-317025
287874
-171063
385538
129683
-137796
125738
-71358
130106
-25778
118267
-158037
178935
-295726
-263458
205007
-16565
-211466
39006
-126833
-57637
-109608
-196894
21131
298431
108139
-187718
-116761
111623
61399
-176078
45058
43029
-7093
-144524
-101438
337230
159337
242400
-45010
-7653
229171
-213694
-148486
-254816
289691
145408
75068
597267
216463
-290687
-160729
-294158
278126
104040
-463780
-118369
179739
342081
46068
-477704
100570
-144939
58057
564812
308292
-333098
-310013
-378295
373773
-30
-321899
-215768
240557
325253
72655
-462726
22526
-127463
-4093
-197665
140771
-75080
280944
-14490
-152857
17761
-36965
123385
205221
-100485
60027
100271
-293772
-141528
-33098
-126566
-106350
-171752
-13810
15478
-244277
-89415
159392
268620
184006
-184660
-42072
59240
38372
-335051
263800
-28482
129948
-189212
-170615
490210
313689
256193
41070
-187672
177922
-273463
-192090
-289283
439386
113504
-26596
-151950
231104
-114628
-145621
481445
388990
170476
113818
-295534
99580
-181920
-139928
-183600
376682
-9773
-121842
319839
289611
-209130
-335314
-267903
243840
-121075
-20900
-207923
218910
143534
42180
-208233
-64904
-65445
-69911
27030
-63022
85036
23386
-164084
-106769
-127642
-15618
44118
379804
-301457
329867
-48503
-90645
72560
-250997
-196888
49288
-327240
157205
114997
-274244
56650
222611
88619
179534
-63223
67915
-27794
-508
-406855
365902
-167770
184990
-345946
241841
135843
-184239
194972
239275
-142204
126328
93662
144445
-88360
-23237
-281600
271846
-148955
241118
39010
-74684
285407
285101
-28303
78565
-262005
-63925
14343
-13102
58744
163482
-162105
-141052
-191871
115703
59269
-249212
-14299
7406
-222186
352886
-111689
105288
-160616
-48618
197167
-158400
44010
-111388
270449
-250532
217173
-334982
-259013
-46031
-214679
32346
-108049
377956
-442644
490042
-187758
204641
266886
-390561
473045
-355359
301782
-559547
-262773
43409
-219141
36267
-208964
228699
-451221
506694
-265559
464198
350811
-321827
-83739
220505
-211144
248742
19358
39189
222810
143597
-344578
-16206
206689
203641
-101173
-6124
-20117
33904
-124976
131384
238197
64524
-59365
52815
-235556
23822
-124268
-214364
275511
137766
365298
-155045
-282721
-142437
-647973
-145317
329346
-639
272740
-253058
-192914
580908
95078
-79095
-418028
-121079
540188
-197055
155892
-108447
-892062
-364758
481958
281111
500286
-484503
-100215
580472
282779
-194232
-534933
-208429
731823
-102371
221931
-37098
382427
-264374
244538
-568226
-117121
62625
-84990
41732
-208373
-85716
-233149
278327
-230177
564735
229744
-73906
88216
103939
51065
137171
-138394
262135
149206
-2492
-423803
-157068
273127
124006
-14885
15191
280238
-245374
-50692
-71036
337489
227777
-461178
-247190
-368406
-90017
149109
-269713
462569
269599
555104
-427235
-327674
-38661
-40503
-228995
321807
273738
-653604
-485171
-354441
-210344
395218
-205150
520840
278503
493480
-549515
-264981
125324
-782037
-454808
435770
471557
521753
-476042
95422
286394
367595
-247011
-420951
-213771
563943
27655
182485
65716
147790
-25834
71928
-314697
119809
72025
79334
-25613
-134069
-426040
104618
-75513
-98671
426967
-19047
262404
251453
-99784
311484
-92485
-254121
396848
-69596
-110877
-285510
-244571
172601
18814
117389
89024
505561
-493938
407862
-304520
462540
-315782
-261757
374297
-267025
-195140
-36702
-212507
-34423
-116146
223482
133880
511702
-545579
121432
-302618
157789
248762
-518532
-481285
-161333
-265759
510225
-51436
310438
170365
203457
-385577
-99765
239470
-198820
-336492
153637
470914
292217
-260120
235683
-210082
311096
-172223
-67462
-126476
84796
161669
72970
206678
-260374
278218
-130804
202639
315192
-25122
277445
-114662
77902
-603593
434594
-450051
75645
114139
-344459
569594
