0 0 0 0
1 0 0 0
2 0 0 0
3 0 8 0
4 0 20 104160
5 2 38 443820
6 6 59 1278710
7 13 76 2823041
8 23 83 5100269
9 35 71 7860002
10 46 39 10437195
2 0 0 0
3 0 8 0
4 0 20 104160
5 2 38 443820
6 6 59 1278710
7 13 76 2823041
8 23 83 5100269
9 35 71 7860002
10 46 39 10437195
11 52 -8 11999574
12 53 -61 11861366
4 0 20 0
5 2 38 339660
6 6 59 1174550
7 13 76 2718881
8 23 83 4996109
9 35 71 7755842
10 46 39 10333035
11 52 -8 11895414
12 53 -61 11757206
13 45 -101 9651842
14 32 -119 6115378
11 52 -8 0
12 53 -61 -138208
13 45 -101 -2243572
14 32 -119 -5780036
15 14 -110 -9806896
16 -3 -80 -13225134
17 -17 -42 -15319486
18 -26 -12 -15953679
19 -33 -5 -15546677
20 -40 -24 -14712922
21 -52 -61 -13833378
22 -71 -94 -12750621
13 45 -101 0
14 32 -119 -3536464
15 14 -110 -7563324
16 -3 -80 -10981562
17 -17 -42 -13075914
18 -26 -12 -13710107
19 -33 -5 -13303105
20 -40 -24 -12469350
21 -52 -61 -11589806
22 -71 -94 -10507049
23 -96 -103 -8649283
24 -123 -79 -5532896
15 14 -110 0
16 -3 -80 -3418238
17 -17 -42 -5512590
18 -26 -12 -6146783
19 -33 -5 -5739781
20 -40 -24 -4906026
21 -52 -61 -4026482
22 -71 -94 -2943725
23 -96 -103 -1085959
24 -123 -79 2030428
25 -145 -28 6357481
26 -155 30 11183526
