Haifuraiya 2:1 halfband decimator  (20 -> 10 Msps)
L=75, center=37, coeff format = signed 18-bit (scale 2^17=131072), unity DC gain
int18 stopband = 88.19 dB, passband ripple ~0.001 dB, -6.02 dB at fs/4=5 MHz

idx          float    int18   note
  0   0.0000348989        5   
  1   0.0000000000        0   zero
  2  -0.0000888737      -12   
  3   0.0000000000        0   zero
  4   0.0001955933       26   
  5   0.0000000000        0   zero
  6  -0.0003792893      -50   
  7   0.0000000000        0   zero
  8   0.0006740179       88   
  9   0.0000000000        0   zero
 10  -0.0011231951     -147   
 11   0.0000000000        0   zero
 12   0.0017793370      233   
 13   0.0000000000        0   zero
 14  -0.0027066693     -355   
 15   0.0000000000        0   zero
 16   0.0039823813      522   
 17   0.0000000000        0   zero
 18  -0.0057025719     -747   
 19   0.0000000000        0   zero
 20   0.0079903888     1047   
 21   0.0000000000        0   zero
 22  -0.0110158483    -1444   
 23   0.0000000000        0   zero
 24   0.0150327620     1970   
 25   0.0000000000        0   zero
 26  -0.0204622227    -2682   
 27   0.0000000000        0   zero
 28   0.0280864301     3681   
 29   0.0000000000        0   zero
 30  -0.0395815643    -5188   
 31   0.0000000000        0   zero
 32   0.0593260948     7776   
 33   0.0000000000        0   zero
 34  -0.1034482024   -13559   
 35   0.0000000000        0   zero
 36   0.3174109322    41604   
 37   0.5000000000    65536   CENTER (0.5 -> shift)
 38   0.3174109322    41604   
 39   0.0000000000        0   zero
 40  -0.1034482024   -13559   
 41   0.0000000000        0   zero
 42   0.0593260948     7776   
 43   0.0000000000        0   zero
 44  -0.0395815643    -5188   
 45   0.0000000000        0   zero
 46   0.0280864301     3681   
 47   0.0000000000        0   zero
 48  -0.0204622227    -2682   
 49   0.0000000000        0   zero
 50   0.0150327620     1970   
 51   0.0000000000        0   zero
 52  -0.0110158483    -1444   
 53   0.0000000000        0   zero
 54   0.0079903888     1047   
 55   0.0000000000        0   zero
 56  -0.0057025719     -747   
 57   0.0000000000        0   zero
 58   0.0039823813      522   
 59   0.0000000000        0   zero
 60  -0.0027066693     -355   
 61   0.0000000000        0   zero
 62   0.0017793370      233   
 63   0.0000000000        0   zero
 64  -0.0011231951     -147   
 65   0.0000000000        0   zero
 66   0.0006740179       88   
 67   0.0000000000        0   zero
 68  -0.0003792893      -50   
 69   0.0000000000        0   zero
 70   0.0001955933       26   
 71   0.0000000000        0   zero
 72  -0.0000888737      -12   
 73   0.0000000000        0   zero
 74   0.0000348989        5   
